   0.000000000000000 	   20.000236129328869 
   0.785205215440147 	   19.984816654596056 
   1.569199704301556 	   19.938582006419068 
   2.350774606826587 	   19.861603476193729 
   3.128724794021504 	   19.753999760741550 
   3.901850725847124 	   19.615936779251257 
   4.668960300792279 	   19.447627417394273 
   5.428870693978337 	   19.249331199010467 
   6.180410180960633 	   19.021353885872774 
   6.922419944414687 	   18.764047006150193 
   7.653755860921325 	   18.477807312298818 
   8.373290265095450 	   18.163076169219448 
   9.079913688337893 	   17.820338873627602 
   9.772536569528585 	   17.450123905687832 
  10.450090935021967 	   17.053002114068267 
  11.111532045351606 	   16.629585835673964 
  11.755840006099749 	   16.180527951417542 
  12.382021340437349 	   15.706520879482056 
  12.989110520887881 	   15.208295507619562 
  13.576171457906653 	   14.686620066094248 
  14.142298942979730 	   14.142298942979732 
  14.686620066094248 	   13.576171457906655 
  15.208295507619562 	   12.989110520887881 
  15.706520879482056 	   12.382021340437349 
  16.180527951417542 	   11.755840006099749 
  16.629585835673964 	   11.111532045351607 
  17.053002114068263 	   10.450090935021969 
  17.450123905687828 	    9.772536569528587 
  17.820338873627602 	    9.079913688337895 
  18.163076169219444 	    8.373290265095452 
  18.477807312298818 	    7.653755860921326 
  18.764047006150193 	    6.922419944414687 
  19.021353885872774 	    6.180410180960634 
  19.249331199010467 	    5.428870693978338 
  19.447627417394273 	    4.668960300792281 
  19.615936779251257 	    3.901850725847126 
  19.753999760741550 	    3.128724794021505 
  19.861603476193729 	    2.350774606826588 
  19.938582006419068 	    1.569199704301557 
  19.984816654596056 	    0.785205215440149 
  20.000236129328869 	    0.000000000000001 
   0.000000000000000 	   21.000236406134089 
   0.824515580147118 	   20.985330905717579 
   1.648063277827495 	   20.940637388066005 
   2.469679527499907 	   20.866224768524759 
   3.288409461219996 	   20.762207787896273 
   4.103311419848484 	   20.628746835472530 
   4.913461667891599 	   20.466047701665147 
   5.717959395081601 	   20.274361260616402 
   6.515932102256844 	   20.053983083283317 
   7.306541489079891 	   19.805252981594059 
   8.088989988204514 	   19.528554484382443 
   8.862528126889108 	   19.224314245911305 
   9.626462945897249 	   18.893001387899243 
  10.380167771288122 	   18.535126776067010 
  11.123093723761812 	   18.151242232319763 
  11.854783471802275 	   17.741939683778643 
  12.574887902413957 	   17.307850249968624 
  13.283186616691763 	   16.849643269558079 
  13.979613486684118 	   16.368025268129099 
  14.664288980560306 	   15.863738868543800 
  15.337561645490998 	   15.337561645491000 
  15.863738868543800 	   14.664288980560309 
  16.368025268129099 	   13.979613486684118 
  16.849643269558079 	   13.283186616691763 
  17.307850249968624 	   12.574887902413957 
  17.741939683778643 	   11.854783471802277 
  18.151242232319760 	   11.123093723761814 
  18.535126776067010 	   10.380167771288122 
  18.893001387899240 	    9.626462945897250 
  19.224314245911305 	    8.862528126889108 
  19.528554484382443 	    8.088989988204515 
  19.805252981594059 	    7.306541489079892 
  20.053983083283317 	    6.515932102256845 
  20.274361260616402 	    5.717959395081603 
  20.466047701665147 	    4.913461667891601 
  20.628746835472530 	    4.103311419848485 
  20.762207787896273 	    3.288409461219997 
  20.866224768524759 	    2.469679527499908 
  20.940637388066005 	    1.648063277827496 
  20.985330905717579 	    0.824515580147119 
  21.000236406134089 	    0.000000000000001 
   0.000000000000000 	   22.000237186020552 
   0.863825948971319 	   21.985845661382040 
   1.726926860138837 	   21.942693278626855 
   2.588584462730945 	   21.870846577007665 
   3.448094150410551 	   21.770416341237560 
   4.304772145503721 	   21.641557430613958 
   5.157963079110470 	   21.484468540163661 
   6.007048156165578 	   21.299391894179781 
   6.851454103402599 	   21.086612872625782 
   7.690663138110539 	   20.846459570985953 
   8.524224249691096 	   20.579302294243934 
   9.351766158767061 	   20.285552985772647 
  10.173012416244287 	   19.965664592018722 
  10.987799236214610 	   19.620130363962996 
  11.796096834668511 	   19.249483096435210 
  12.598035289094186 	   18.854294306456165 
  13.393936269094119 	   18.435173351875186 
  14.184352454980575 	   17.992766491668920 
  14.970117119693366 	   17.527755889379549 
  15.752407290432759 	   17.040858561318416 
  16.532825271522530 	   16.532825271522533 
  17.040858561318416 	   15.752407290432762 
  17.527755889379549 	   14.970117119693366 
  17.992766491668920 	   14.184352454980575 
  18.435173351875186 	   13.393936269094119 
  18.854294306456165 	   12.598035289094188 
  19.249483096435206 	   11.796096834668512 
  19.620130363962993 	   10.987799236214611 
  19.965664592018722 	   10.173012416244289 
  20.285552985772647 	    9.351766158767063 
  20.579302294243934 	    8.524224249691098 
  20.846459570985953 	    7.690663138110540 
  21.086612872625782 	    6.851454103402600 
  21.299391894179781 	    6.007048156165579 
  21.484468540163661 	    5.157963079110472 
  21.641557430613958 	    4.304772145503723 
  21.770416341237560 	    3.448094150410552 
  21.870846577007665 	    2.588584462730946 
  21.942693278626855 	    1.726926860138839 
  21.985845661382040 	    0.863825948971320 
  22.000237186020552 	    0.000000000000001 
   0.000000000000000 	   23.000238412725757 
   0.903136324319510 	   22.986360864861123 
   1.805790455916789 	   22.944749619977319 
   2.707489419208582 	   22.875468841196540 
   3.607778869884141 	   22.778625357080088 
   4.506232912154671 	   22.654368496844391 
   5.402464544135238 	   22.502889860022169 
   6.296136986386951 	   22.324423020926488 
   7.186976191966527 	   22.119243168376716 
   8.074784896223710 	   21.887666681245264 
   8.959458645751564 	   21.630050640483248 
   9.841004354993382 	   21.346792278381148 
  10.719562085470244 	   21.038328365917017 
  11.595430939801268 	   20.705134539140495 
  12.469100229789074 	   20.347724565634948 
  13.341287442482026 	   19.966649552194731 
  14.212985030682972 	   19.562497094949471 
  15.085518754599395 	   19.135890373265894 
  15.960621288887962 	   18.687487188855876 
  16.840526220915283 	   18.217978951596919 
  17.728089613361345 	   17.728089613361345 
  18.217978951596919 	   16.840526220915283 
  18.687487188855876 	   15.960621288887962 
  19.135890373265894 	   15.085518754599395 
  19.562497094949471 	   14.212985030682972 
  19.966649552194731 	   13.341287442482027 
  20.347724565634948 	   12.469100229789076 
  20.705134539140492 	   11.595430939801270 
  21.038328365917014 	   10.719562085470248 
  21.346792278381145 	    9.841004354993384 
  21.630050640483248 	    8.959458645751566 
  21.887666681245264 	    8.074784896223711 
  22.119243168376716 	    7.186976191966528 
  22.324423020926488 	    6.296136986386952 
  22.502889860022169 	    5.402464544135241 
  22.654368496844391 	    4.506232912154673 
  22.778625357080088 	    3.607778869884142 
  22.875468841196540 	    2.707489419208584 
  22.944749619977319 	    1.805790455916791 
  22.986360864861123 	    0.903136324319511 
  23.000238412725757 	    0.000000000000001 
   0.000000000000000 	   24.000240036756093 
   0.942446707514663 	   23.986876466331370 
   1.884654067706689 	   23.946806361306475 
   2.826394400498159 	   23.880091508641552 
   3.767463623919623 	   23.786834780694186 
   4.707693724379503 	   23.667179976528523 
   5.646966067316376 	   23.521311600093977 
   6.585225889222057 	   23.349454575618466 
   7.522498369776487 	   23.151873900658796 
   8.458906762685970 	   22.928874237347063 
   9.394693172026962 	   22.680799442467887 
  10.330242706352402 	   22.408032037095566 
  11.266111938086450 	   22.110992616613970 
  12.203062858664788 	   21.790139202034460 
  13.142103875998052 	   21.445966533619039 
  14.084539887007043 	   21.079005307907369 
  15.032034128041753 	   20.689821359336836 
  15.986685439613286 	   20.279014787731160 
  16.951125898584291 	   19.847219033005342 
  17.928645652967099 	   19.395099898466427 
  18.923354524256926 	   18.923354524256926 
  19.395099898466427 	   17.928645652967099 
  19.847219033005342 	   16.951125898584291 
  20.279014787731157 	   15.986685439613284 
  20.689821359336836 	   15.032034128041753 
  21.079005307907369 	   14.084539887007047 
  21.445966533619039 	   13.142103875998053 
  21.790139202034457 	   12.203062858664790 
  22.110992616613967 	   11.266111938086453 
  22.408032037095563 	   10.330242706352404 
  22.680799442467887 	    9.394693172026964 
  22.928874237347063 	    8.458906762685972 
  23.151873900658796 	    7.522498369776488 
  23.349454575618466 	    6.585225889222059 
  23.521311600093977 	    5.646966067316378 
  23.667179976528523 	    4.707693724379506 
  23.786834780694186 	    3.767463623919625 
  23.880091508641552 	    2.826394400498160 
  23.946806361306475 	    1.884654067706691 
  23.986876466331370 	    0.942446707514665 
  24.000240036756093 	    0.000000000000001 
   0.000000000000000 	   25.000242014873319 
   0.981757099245030 	   24.987392422316283 
   1.963517696808034 	   24.948863458425148 
   2.945299408355845 	   24.884714533972858 
   3.927148414496552 	   24.795044565072132 
   4.909154584067360 	   24.679991820578852 
   5.891467650055890 	   24.539733708790067 
   6.874314865102924 	   24.374486503768669 
   7.858020635721576 	   24.184505011721207 
   8.843028734175601 	   23.970082177947805 
   9.829927822216241 	   23.731548634975695 
  10.819481202688126 	   23.469272192578956 
  11.812661959092143 	   23.183657270477401 
  12.810694971848305 	   22.875144274596881 
  13.815107745141766 	   22.544208917861770 
  14.827792585938333 	   22.191361486577268 
  15.851083514321871 	   21.817146053543066 
  16.887852451309051 	   21.422139639117496 
  17.941630876164229 	   21.006951321521186 
  19.016765497740614 	   20.572221297760841 
  20.118619896630765 	   20.118619896630769 
  20.572221297760841 	   19.016765497740618 
  21.006951321521186 	   17.941630876164229 
  21.422139639117493 	   16.887852451309048 
  21.817146053543066 	   15.851083514321871 
  22.191361486577268 	   14.827792585938337 
  22.544208917861766 	   13.815107745141768 
  22.875144274596877 	   12.810694971848305 
  23.183657270477397 	   11.812661959092145 
  23.469272192578952 	   10.819481202688126 
  23.731548634975695 	    9.829927822216243 
  23.970082177947805 	    8.843028734175602 
  24.184505011721207 	    7.858020635721578 
  24.374486503768669 	    6.874314865102925 
  24.539733708790067 	    5.891467650055893 
  24.679991820578852 	    4.909154584067362 
  24.795044565072132 	    3.927148414496553 
  24.884714533972858 	    2.945299408355846 
  24.948863458425148 	    1.963517696808035 
  24.987392422316283 	    0.981757099245031 
  25.000242014873319 	    0.000000000000002 
   0.000000000000000 	   26.000244309407755 
   1.021067499836885 	   25.987908694970514 
   2.042381343813921 	   25.950920872963003 
   3.064204443522422 	   25.889337877951803 
   4.086833242324124 	   25.803254669773633 
   5.110615491655760 	   25.692803987034338 
   6.135969292217732 	   25.558156142327910 
   7.163403912955021 	   25.399518759495141 
   8.193542987359331 	   25.217136453331875 
   9.227150806386373 	   25.011290452246339 
  10.265162589585110 	   24.782298164453636 
  11.308719834203007 	   24.530512688383656 
  12.359212134917692 	   24.256322268065080 
  13.418327261223853 	   23.960149694334532 
  14.488111813664247 	   23.642451652804013 
  15.571045509327623 	   23.303718019602485 
  16.670133152103610 	   22.944471105986619 
  17.789019743573828 	   22.565264852992097 
  18.932136165450068 	   22.166683977376813 
  20.104885687473313 	   21.749343070187646 
  21.313885649370736 	   21.313885649370739 
  21.749343070187646 	   20.104885687473317 
  22.166683977376813 	   18.932136165450068 
  22.565264852992097 	   17.789019743573828 
  22.944471105986619 	   16.670133152103610 
  23.303718019602485 	   15.571045509327627 
  23.642451652804009 	   14.488111813664249 
  23.960149694334525 	   13.418327261223851 
  24.256322268065077 	   12.359212134917694 
  24.530512688383652 	   11.308719834203009 
  24.782298164453636 	   10.265162589585112 
  25.011290452246339 	    9.227150806386373 
  25.217136453331875 	    8.193542987359333 
  25.399518759495141 	    7.163403912955022 
  25.558156142327910 	    6.135969292217734 
  25.692803987034338 	    5.110615491655762 
  25.803254669773633 	    4.086833242324126 
  25.889337877951803 	    3.064204443522423 
  25.950920872963003 	    2.042381343813922 
  25.987908694970514 	    1.021067499836886 
  26.000244309407755 	    0.000000000000002 
   0.000000000000000 	   27.000246887547615 
   1.060377909422697 	   26.988425251349963 
   2.121245008942852 	   26.952978571580751 
   3.183109506209537 	   26.893961506586411 
   4.246518107467717 	   26.811465059905522 
   5.312076446877776 	   26.705616439864656 
   6.380470992969880 	   26.576578863320329 
   7.452493031101494 	   26.424551303853981 
   8.529065421841100 	   26.249768184813753 
   9.611272974923322 	   26.052499017682926 
  10.700397467769685 	   25.833047986339800 
  11.797958592092780 	   25.591753477858628 
  12.905762453796600 	   25.328987560584267 
  14.025959711487674 	   25.045155410295632 
  15.161116062090921 	   24.740694685353780 
  16.314298632828383 	   24.416074851809274 
  17.489183011387805 	   24.071796459520787 
  18.690187279886175 	   23.708390370413845 
  19.922641722429614 	   23.326416940087750 
  21.193006169563969 	   22.926465154061091 
  22.509151720032605 	   22.509151720032609 
  22.926465154061091 	   21.193006169563972 
  23.326416940087750 	   19.922641722429614 
  23.708390370413841 	   18.690187279886175 
  24.071796459520783 	   17.489183011387805 
  24.416074851809270 	   16.314298632828383 
  24.740694685353777 	   15.161116062090922 
  25.045155410295628 	   14.025959711487676 
  25.328987560584267 	   12.905762453796603 
  25.591753477858628 	   11.797958592092781 
  25.833047986339800 	   10.700397467769687 
  26.052499017682926 	    9.611272974923324 
  26.249768184813753 	    8.529065421841102 
  26.424551303853981 	    7.452493031101495 
  26.576578863320329 	    6.380470992969882 
  26.705616439864656 	    5.312076446877778 
  26.811465059905522 	    4.246518107467718 
  26.893961506586411 	    3.183109506209539 
  26.952978571580751 	    2.121245008942854 
  26.988425251349963 	    1.060377909422699 
  27.000246887547615 	    0.000000000000002 
   0.000000000000000 	   28.000249720671633 
   1.099688328046232 	   27.988942062731326 
   2.200108692245554 	   27.955036525250605 
   3.302014596401340 	   27.898585390346675 
   4.406203009734784 	   27.819675705245722 
   5.513537449217690 	   27.718429147976881 
   6.624972751290885 	   27.595001839638908 
   7.741582217796823 	   27.449584103533834 
   8.864587936443527 	   27.282400171545298 
   9.995395235796328 	   27.093707838221516 
  11.135632451189135 	   26.883798063104692 
  12.287197468826635 	   26.652994521929664 
  13.452312905852487 	   26.401653107394218 
  14.633592309983564 	   26.130161380282640 
  15.834120474508643 	   25.838937971801165 
  17.057551936744616 	   25.528431938060582 
  18.308233068114149 	   25.199122067716711 
  19.591355031176189 	   24.851516143856461 
  20.913147512300164 	   24.486150161296248 
  22.281126902657576 	   24.103587500543341 
  23.704418059761792 	   23.704418059761796 
  24.103587500543341 	   22.281126902657579 
  24.486150161296248 	   20.913147512300164 
  24.851516143856458 	   19.591355031176189 
  25.199122067716711 	   18.308233068114149 
  25.528431938060578 	   17.057551936744620 
  25.838937971801162 	   15.834120474508644 
  26.130161380282633 	   14.633592309983564 
  26.401653107394214 	   13.452312905852491 
  26.652994521929660 	   12.287197468826637 
  26.883798063104692 	   11.135632451189137 
  27.093707838221516 	    9.995395235796328 
  27.282400171545298 	    8.864587936443529 
  27.449584103533834 	    7.741582217796824 
  27.595001839638908 	    6.624972751290888 
  27.718429147976881 	    5.513537449217692 
  27.819675705245722 	    4.406203009734786 
  27.898585390346675 	    3.302014596401341 
  27.955036525250605 	    2.200108692245556 
  27.988942062731326 	    1.099688328046234 
  28.000249720671633 	    0.000000000000002 
   0.000000000000000 	   29.000252783750838 
   1.138998755729180 	   28.989459104004965 
   2.278972393735649 	   28.957094708622293 
   3.420919714043991 	   28.903209503485943 
   4.565887948915258 	   28.827886579502429 
   5.714998498191401 	   28.731242084394999 
   6.869474566276246 	   28.613425043496800 
   8.030671471541737 	   28.474617129825532 
   9.200110528870738 	   28.315032383801107 
  10.379517585684134 	   28.134916883046639 
  11.570867535241417 	   27.934548362791332 
  12.776436458239644 	   27.714235787471313 
  13.998863483047973 	   27.474318874201000 
  15.241225046462839 	   27.215167568862917 
  16.507125038086354 	   26.937181475638717 
  17.800805405255495 	   26.640789240878043 
  19.127283303022892 	   26.326447892276619 
  20.492522974246459 	   25.994642134411155 
  21.903653507366808 	   25.645883601759465 
  23.369247853923639 	   25.280710070420952 
  24.899684629853219 	   24.899684629853223 
  25.280710070420952 	   23.369247853923643 
  25.645883601759465 	   21.903653507366808 
  25.994642134411155 	   20.492522974246459 
  26.326447892276612 	   19.127283303022889 
  26.640789240878043 	   17.800805405255499 
  26.937181475638713 	   16.507125038086357 
  27.215167568862913 	   15.241225046462841 
  27.474318874200996 	   13.998863483047977 
  27.714235787471310 	   12.776436458239646 
  27.934548362791332 	   11.570867535241419 
  28.134916883046639 	   10.379517585684136 
  28.315032383801107 	    9.200110528870740 
  28.474617129825532 	    8.030671471541739 
  28.613425043496800 	    6.869474566276248 
  28.731242084394999 	    5.714998498191403 
  28.827886579502429 	    4.565887948915258 
  28.903209503485943 	    3.420919714043992 
  28.957094708622293 	    2.278972393735650 
  28.989459104004965 	    1.138998755729182 
  29.000252783750838 	    0.000000000000002 
   0.000000000000000 	   30.000256054825485 
   1.178309192514140 	   29.989976353145593 
   2.357836113473635 	   29.959153099475163 
   3.539824859166634 	   29.907833823462131 
   4.725572924933383 	   29.836097659692310 
   5.916459593520861 	   29.744055225583359 
   7.113976437324882 	   29.631848450706112 
   8.319760791268617 	   29.499650357802533 
   9.535633197422946 	   29.347664795845496 
  10.763640022067619 	   29.176126125561144 
  12.006102716379726 	   28.985298857909161 
  13.265675555527826 	   28.775477246090574 
  14.545414179070718 	   28.546984831725663 
  15.848857912830699 	   28.300173945917141 
  17.180129742647637 	   28.035425165985757 
  18.544059025775731 	   27.753146728737885 
  19.946333700760047 	   27.453773901197959 
  21.393691090575231 	   27.137768309815687 
  22.894159685492220 	   26.805617229240632 
  24.457368997099682 	   26.457832831850332 
  26.094951399331851 	   26.094951399331855 
  26.457832831850332 	   24.457368997099685 
  26.805617229240632 	   22.894159685492220 
  27.137768309815680 	   21.393691090575224 
  27.453773901197959 	   19.946333700760047 
  27.753146728737885 	   18.544059025775734 
  28.035425165985753 	   17.180129742647640 
  28.300173945917130 	   15.848857912830697 
  28.546984831725659 	   14.545414179070722 
  28.775477246090571 	   13.265675555527828 
  28.985298857909161 	   12.006102716379727 
  29.176126125561144 	   10.763640022067621 
  29.347664795845496 	    9.535633197422948 
  29.499650357802533 	    8.319760791268619 
  29.631848450706112 	    7.113976437324885 
  29.744055225583359 	    5.916459593520863 
  29.836097659692310 	    4.725572924933385 
  29.907833823462131 	    3.539824859166635 
  29.959153099475163 	    2.357836113473637 
  29.989976353145593 	    1.178309192514142 
  30.000256054825485 	    0.000000000000002 
   0.000000000000000 	   31.000259514553623 
   1.217619638493088 	   30.990493790756489 
   2.436699851622250 	   30.961211678249342 
   3.658730031960481 	   30.912458330447279 
   4.885257937945770 	   30.844308925620155 
   6.117920735244607 	   30.756868550888328 
   7.358478364253892 	   30.650272040073936 
   8.608850176450474 	   30.524683765664353 
   9.871155941087743 	   30.380297385216878 
  11.147762543289472 	   30.217335542605831 
  12.441337992124657 	   30.036049524584325 
  13.754914757194925 	   29.836718873203910 
  15.091964989195032 	   29.619650954705062 
  16.456490902900846 	   29.385180485561275 
  17.853134580294466 	   29.133669016429277 
  19.287312788422284 	   28.865504374828394 
  20.765384249158778 	   28.581100067445135 
  22.294859365382809 	   28.280894643037090 
  23.884666028917810 	   27.965351016996465 
  25.545490311037039 	   27.634955758736286 
  27.290218343194315 	   27.290218343194319 
  27.634955758736286 	   25.545490311037042 
  27.965351016996465 	   23.884666028917810 
  28.280894643037090 	   22.294859365382809 
  28.581100067445135 	   20.765384249158778 
  28.865504374828387 	   19.287312788422284 
  29.133669016429273 	   17.853134580294469 
  29.385180485561271 	   16.456490902900850 
  29.619650954705058 	   15.091964989195036 
  29.836718873203907 	   13.754914757194927 
  30.036049524584325 	   12.441337992124659 
  30.217335542605831 	   11.147762543289474 
  30.380297385216878 	    9.871155941087745 
  30.524683765664353 	    8.608850176450476 
  30.650272040073936 	    7.358478364253894 
  30.756868550888328 	    6.117920735244610 
  30.844308925620155 	    4.885257937945772 
  30.912458330447279 	    3.658730031960483 
  30.961211678249342 	    2.436699851622252 
  30.990493790756489 	    1.217619638493089 
  31.000259514553623 	    0.000000000000002 
   0.000000000000000 	   32.000263145824086 
   1.256930093827021 	   31.991011399679408 
   2.515563608484486 	   31.963270427646442 
   3.777635232832638 	   31.917083006913078 
   5.044942988407137 	   31.852520359443389 
   6.319381923790206 	   31.769682042076369 
   7.602980347371152 	   31.668695792908885 
   8.897939627165693 	   31.549717334206846 
  10.206678759587540 	   31.412930132157701 
  11.531885148573535 	   31.258545113845688 
  12.876573361043244 	   31.086800341899373 
  14.244154060977552 	   30.897960647328311 
  15.638515910138224 	   30.692317221132466 
  17.064124012166911 	   30.470187165335467 
  18.526139545076337 	   30.231913004159686 
  20.030566685562910 	   29.977862156131053 
  21.584434938648680 	   29.708426367973765 
  23.196027786882865 	   29.424021111234843 
  24.875172523339415 	   29.125084942670227 
  26.633611778585468 	   28.812078829536951 
  28.485485441091093 	   28.485485441091097 
  28.812078829536951 	   26.633611778585472 
  29.125084942670227 	   24.875172523339415 
  29.424021111234843 	   23.196027786882865 
  29.708426367973765 	   21.584434938648680 
  29.977862156131053 	   20.030566685562913 
  30.231913004159683 	   18.526139545076340 
  30.470187165335457 	   17.064124012166907 
  30.692317221132463 	   15.638515910138228 
  30.897960647328304 	   14.244154060977554 
  31.086800341899373 	   12.876573361043246 
  31.258545113845688 	   11.531885148573537 
  31.412930132157701 	   10.206678759587541 
  31.549717334206846 	    8.897939627165695 
  31.668695792908885 	    7.602980347371155 
  31.769682042076369 	    6.319381923790209 
  31.852520359443389 	    5.044942988407139 
  31.917083006913078 	    3.777635232832639 
  31.963270427646442 	    2.515563608484487 
  31.991011399679408 	    1.256930093827022 
  32.000263145824086 	    0.000000000000002 
   0.000000000000000 	   33.000266933425372 
   1.296240558760427 	   32.991529164661308 
   2.594427384531437 	   32.965329332289819 
   3.896540462445155 	   32.921707837280444 
   5.204628077117291 	   32.860731945306981 
   6.520843160024793 	   32.782495682950518 
   7.847482387523883 	   32.687119692615717 
   9.187029144138025 	   32.574751046392088 
  10.542201653403266 	   32.445563019157049 
  11.916007838023361 	   32.299754821283145 
  13.311808822712441 	   32.137551291375601 
  14.733393465762754 	   31.959202549531504 
  16.185066939920528 	   31.764983611674943 
  17.671757237592278 	   31.555193965587740 
  19.199144632697077 	   31.330157109320094 
  20.773820711426875 	   31.090220052734111 
  22.403485761757590 	   30.835752783005709 
  24.097196345663978 	   30.567147694991839 
  25.865679157159470 	   30.284818987467673 
  27.721733385710589 	   29.989202026363412 
  29.680752676309606 	   29.680752676309613 
  29.989202026363412 	   27.721733385710596 
  30.284818987467673 	   25.865679157159470 
  30.567147694991839 	   24.097196345663978 
  30.835752783005702 	   22.403485761757587 
  31.090220052734111 	   20.773820711426879 
  31.330157109320091 	   19.199144632697081 
  31.555193965587737 	   17.671757237592278 
  31.764983611674939 	   16.185066939920535 
  31.959202549531501 	   14.733393465762756 
  32.137551291375601 	   13.311808822712443 
  32.299754821283145 	   11.916007838023363 
  32.445563019157049 	   10.542201653403268 
  32.574751046392088 	    9.187029144138027 
  32.687119692615717 	    7.847482387523887 
  32.782495682950518 	    6.520843160024796 
  32.860731945306981 	    5.204628077117293 
  32.921707837280444 	    3.896540462445157 
  32.965329332289819 	    2.594427384531438 
  32.991529164661308 	    1.296240558760429 
  33.000266933425372 	    0.000000000000002 
   0.000000000000000 	   34.000270863762097 
   1.335551033632921 	   33.992047072069219 
   2.673291180424610 	   33.967388378434926 
   4.015445721746087 	   33.926332807622451 
   5.364313205258036 	   33.868943669036291 
   6.722304445293968 	   33.795309459030619 
   8.091984486134713 	   33.705543724360830 
   9.476118728763989 	   33.599784886997135 
  10.877724623786408 	   33.478196030581337 
  12.300130612611262 	   33.340964648869537 
  13.747044377676810 	   33.188302356564556 
  15.222632971505199 	   33.020444563003110 
  16.731618077732076 	   32.837650109223723 
  18.279390577416791 	   32.640200869003309 
  19.872149840251151 	   32.428401314513742 
  21.517074861761255 	   32.202578047316493 
  23.222536712679602 	   31.963079295486374 
  24.998365034162997 	   31.710274377738394 
  26.856185920862757 	   31.444553135535035 
  28.809855120773769 	   31.166325334287560 
  30.876020034967052 	   30.876020034967055 
  31.166325334287560 	   28.809855120773776 
  31.444553135535035 	   26.856185920862757 
  31.710274377738386 	   24.998365034162994 
  31.963079295486370 	   23.222536712679599 
  32.202578047316493 	   21.517074861761255 
  32.428401314513735 	   19.872149840251154 
  32.640200869003301 	   18.279390577416795 
  32.837650109223723 	   16.731618077732080 
  33.020444563003110 	   15.222632971505201 
  33.188302356564556 	   13.747044377676811 
  33.340964648869537 	   12.300130612611264 
  33.478196030581337 	   10.877724623786410 
  33.599784886997135 	    9.476118728763991 
  33.705543724360830 	    8.091984486134717 
  33.795309459030619 	    6.722304445293971 
  33.868943669036291 	    5.364313205258038 
  33.926332807622451 	    4.015445721746088 
  33.967388378434926 	    2.673291180424612 
  33.992047072069219 	    1.335551033632923 
  34.000270863762097 	    0.000000000000002 
   0.000000000000000 	   35.000274924611368 
   1.374861518889626 	   34.992565109645689 
   2.752154997035790 	   34.969447553721672 
   4.134351011997020 	   34.930957905411709 
   5.523998374425673 	   34.877155517877547 
   6.923765781455646 	   34.808123357285460 
   8.336486645232400 	   34.723967874794688 
   9.765208383135183 	   34.624818842325901 
  11.213247672766704 	   34.510829152374704 
  12.684253474164526 	   34.382174582193763 
  14.182280027405657 	   34.239053522724724 
  15.711872579147114 	   34.081686672719272 
  17.278169323807216 	   33.910316698546687 
  18.887024030976985 	   33.725207860244566 
  20.545155165981765 	   33.526645604430726 
  22.260329133519829 	   33.314936124759370 
  24.041587786889409 	   33.090405890677054 
  25.899533846202495 	   32.853401145317925 
  27.846692806478629 	   32.604287373483885 
  29.897976973926731 	   32.343448740799985 
  32.071287505352423 	   32.071287505352423 
  32.343448740799985 	   29.897976973926738 
  32.604287373483885 	   27.846692806478629 
  32.853401145317925 	   25.899533846202491 
  33.090405890677054 	   24.041587786889409 
  33.314936124759370 	   22.260329133519836 
  33.526645604430726 	   20.545155165981768 
  33.725207860244559 	   18.887024030976985 
  33.910316698546680 	   17.278169323807219 
  34.081686672719265 	   15.711872579147116 
  34.239053522724724 	   14.182280027405659 
  34.382174582193763 	   12.684253474164528 
  34.510829152374704 	   11.213247672766707 
  34.624818842325901 	    9.765208383135185 
  34.723967874794688 	    8.336486645232403 
  34.808123357285460 	    6.923765781455649 
  34.877155517877547 	    5.523998374425676 
  34.930957905411709 	    4.134351011997023 
  34.969447553721672 	    2.752154997035793 
  34.992565109645689 	    1.374861518889628 
  35.000274924611368 	    0.000000000000002 
   0.000000000000000 	   36.000279104912273 
   1.414172015091380 	   35.993083266297511 
   2.831018835466544 	   35.971506846961184 
   4.253256334800107 	   35.935583119303935 
   5.683683586662880 	   35.885367480277345 
   7.125227170913265 	   35.820937365907156 
   8.580988867481993 	   35.742392131820530 
  10.054298110060177 	   35.649852899971698 
  11.548770803159897 	   35.543462371815401 
  13.068376425352382 	   35.423384608232375 
  14.617515774252086 	   35.289804776565532 
  16.201112290541907 	   35.142928865180707 
  17.824720679305031 	   34.982983366020541 
  19.494657598536083 	   34.810214925677009 
  21.218160609053673 	   34.624889965566489 
  23.003583524573529 	   34.427294271854748 
  24.860638980787638 	   34.217732555849089 
  26.800702776571843 	   33.996527985658233 
  28.837199807103833 	   33.764021690024535 
  30.986098936588309 	   33.520572235377898 
  33.266555077377170 	   33.266555077377170 
  33.520572235377898 	   30.986098936588316 
  33.764021690024535 	   28.837199807103833 
  33.996527985658226 	   26.800702776571839 
  34.217732555849089 	   24.860638980787638 
  34.427294271854741 	   23.003583524573529 
  34.624889965566481 	   21.218160609053676 
  34.810214925677002 	   19.494657598536083 
  34.982983366020534 	   17.824720679305035 
  35.142928865180700 	   16.201112290541911 
  35.289804776565532 	   14.617515774252087 
  35.423384608232375 	   13.068376425352383 
  35.543462371815401 	   11.548770803159899 
  35.649852899971698 	   10.054298110060179 
  35.742392131820530 	    8.580988867481997 
  35.820937365907156 	    7.125227170913267 
  35.885367480277345 	    5.683683586662882 
  35.935583119303935 	    4.253256334800109 
  35.971506846961184 	    2.831018835466546 
  35.993083266297511 	    1.414172015091382 
  36.000279104912273 	    0.000000000000002 
   0.000000000000000 	   37.000283394582709 
   1.453482522925536 	   36.993601531912240 
   2.909882697068908 	   36.973566247951318 
   4.372161692126770 	   36.940208438951778 
   5.843368844492671 	   36.893579545694195 
   7.326688616651363 	   36.833751474120305 
   8.825491156217529 	   36.760816484400927 
  10.343387913089083 	   36.674887048621301 
  11.884294018578155 	   36.576095677317582 
  13.452499469675720 	   36.464594715149531 
  15.052751621414956 	   36.340556106045824 
  16.690352108381106 	   36.204171128209936 
  18.371272146194087 	   36.055650099426707 
  20.102291281119811 	   35.895222053163081 
  21.891166169334525 	   35.723134386012042 
  23.746838033433662 	   35.539652477089035 
  25.679690291365549 	   35.345059280055594 
  27.701871820637230 	   35.139654888522550 
  29.827706916467449 	   34.923756075680771 
  32.074221000981062 	   34.697695809135325 
  34.461822742107337 	   34.461822742107337 
  34.697695809135325 	   32.074221000981069 
  34.923756075680771 	   29.827706916467449 
  35.139654888522550 	   27.701871820637230 
  35.345059280055587 	   25.679690291365546 
  35.539652477089035 	   23.746838033433669 
  35.723134386012035 	   21.891166169334529 
  35.895222053163074 	   20.102291281119811 
  36.055650099426707 	   18.371272146194091 
  36.204171128209929 	   16.690352108381106 
  36.340556106045824 	   15.052751621414957 
  36.464594715149531 	   13.452499469675722 
  36.576095677317582 	   11.884294018578156 
  36.674887048621301 	   10.343387913089085 
  36.760816484400927 	    8.825491156217531 
  36.833751474120305 	    7.326688616651365 
  36.893579545694195 	    5.843368844492673 
  36.940208438951778 	    4.372161692126772 
  36.973566247951318 	    2.909882697068911 
  36.993601531912240 	    1.453482522925538 
  37.000283394582709 	    0.000000000000002 
   0.000000000000000 	   38.000287784358392 
   1.492793043217982 	   37.994119897197081 
   2.988746583468394 	   37.975625747315149 
   4.491067086349693 	   37.944833854842976 
   6.003054150956394 	   37.901791704436341 
   7.528150122275641 	   37.846565672019487 
   9.069993515479394 	   37.779240922395367 
  10.632477796542631 	   37.699921277893090 
  12.219817323444637 	   37.608729058270484 
  13.836622611460344 	   37.505804892137860 
  15.487987572903700 	   37.391307500216826 
  17.179592036123509 	   37.265413450796594 
  18.917823727138931 	   37.128316887798618 
  20.709925080354182 	   36.980229231910378 
  22.564171847179232 	   36.821378855300992 
  24.490092658980828 	   36.652010730485415 
  26.498741715879888 	   36.472386053963135 
  28.603040973969396 	   36.282781845321182 
  30.818214128525081 	   36.083490522566002 
  33.162343159712854 	   35.874819454535924 
  35.657090491359497 	   35.657090491359504 
  35.874819454535924 	   33.162343159712854 
  36.083490522566002 	   30.818214128525081 
  36.282781845321182 	   28.603040973969396 
  36.472386053963127 	   26.498741715879884 
  36.652010730485415 	   24.490092658980831 
  36.821378855300985 	   22.564171847179235 
  36.980229231910371 	   20.709925080354182 
  37.128316887798611 	   18.917823727138934 
  37.265413450796586 	   17.179592036123513 
  37.391307500216826 	   15.487987572903702 
  37.505804892137860 	   13.836622611460346 
  37.608729058270484 	   12.219817323444639 
  37.699921277893090 	   10.632477796542632 
  37.779240922395367 	    9.069993515479398 
  37.846565672019487 	    7.528150122275644 
  37.901791704436341 	    6.003054150956395 
  37.944833854842976 	    4.491067086349696 
  37.975625747315149 	    2.988746583468397 
  37.994119897197081 	    1.492793043217984 
  38.000287784358392 	    0.000000000000002 
   0.000000000000000 	   39.000292265649811 
   1.532103576946851 	   38.994638353535947 
   3.067610496590285 	   38.977685336358554 
   4.609972520279422 	   38.949459358158514 
   6.162739509657303 	   38.910003947521076 
   7.729611692059192 	   38.859379950430352 
   9.314495950057939 	   38.797665436423763 
  10.921567765547106 	   38.724955578203719 
  12.555340723013028 	   38.641362504909139 
  14.220745855853952 	   38.547015129293740 
  15.923223633505366 	   38.442058949102503 
  17.668832077924993 	   38.326655822982836 
  19.464375425385914 	   38.200983721311488 
  21.317558998301607 	   38.065236452364410 
  23.237177643212643 	   37.919623364302346 
  25.233347400193324 	   37.764369023492222 
  27.317793251530958 	   37.599712869729537 
  29.504210231981130 	   37.425908848969335 
  31.808721437073370 	   37.243225024206239 
  34.250465405393854 	   37.051943165154768 
  36.852358317350195 	   36.852358317350202 
  37.051943165154768 	   34.250465405393861 
  37.243225024206239 	   31.808721437073370 
  37.425908848969335 	   29.504210231981130 
  37.599712869729537 	   27.317793251530958 
  37.764369023492215 	   25.233347400193324 
  37.919623364302339 	   23.237177643212647 
  38.065236452364402 	   21.317558998301607 
  38.200983721311481 	   19.464375425385917 
  38.326655822982829 	   17.668832077924996 
  38.442058949102503 	   15.923223633505367 
  38.547015129293740 	   14.220745855853954 
  38.641362504909139 	   12.555340723013032 
  38.724955578203719 	   10.921567765547108 
  38.797665436423763 	    9.314495950057943 
  38.859379950430352 	    7.729611692059194 
  38.910003947521076 	    6.162739509657306 
  38.949459358158514 	    4.609972520279424 
  38.977685336358554 	    3.067610496590287 
  38.994638353535947 	    1.532103576946853 
  39.000292265649811 	    0.000000000000002 
   0.000000000000000 	   40.000296830413326 
   1.571414125258403 	   39.995156892860962 
   3.146474438690064 	   39.979745006942593 
   4.728877997206768 	   39.954084940647029 
   6.322424924811092 	   39.918216266551781 
   7.931073330996202 	   39.872194300790269 
   9.558998465544446 	   39.816090017751677 
  11.210657826075884 	   39.749989940658956 
  12.890864223392333 	   39.673996008211681 
  14.604869208826495 	   39.588225417521905 
  16.358459808752816 	   39.492810443611710 
  18.158072238567140 	   39.387898235782657 
  20.010927244645657 	   39.273650591207840 
  21.925193037292008 	   39.150243706137793 
  23.910183558106453 	   39.017867905150077 
  25.976602255870564 	   38.876727348907856 
  28.136844895138346 	   38.727039720917340 
  30.405379589568518 	   38.569035893780004 
  32.799228835378848 	   38.402959575398832 
  35.338587730283713 	   38.229066935479452 
  38.047626212393737 	   38.047626212393745 
  38.229066935479452 	   35.338587730283713 
  38.402959575398832 	   32.799228835378848 
  38.569035893779997 	   30.405379589568515 
  38.727039720917340 	   28.136844895138346 
  38.876727348907856 	   25.976602255870567 
  39.017867905150077 	   23.910183558106457 
  39.150243706137786 	   21.925193037292008 
  39.273650591207840 	   20.010927244645661 
  39.387898235782650 	   18.158072238567140 
  39.492810443611710 	   16.358459808752819 
  39.588225417521905 	   14.604869208826498 
  39.673996008211681 	   12.890864223392335 
  39.749989940658956 	   11.210657826075888 
  39.816090017751677 	    9.558998465544450 
  39.872194300790269 	    7.931073330996205 
  39.918216266551781 	    6.322424924811093 
  39.954084940647029 	    4.728877997206770 
  39.979745006942593 	    3.146474438690066 
  39.995156892860962 	    1.571414125258405 
  40.000296830413326 	    0.000000000000002 
   0.000000000000000 	   41.000301471033161 
   1.610724689485520 	   40.995675507534955 
   3.225338412388859 	   40.981804751367974 
   4.847783520952095 	   40.958710594512063 
   6.482110401304582 	   40.926428653609470 
   8.132535044864362 	   40.885008715045345 
   9.803501068390480 	   40.834514658194159 
  11.499747984998146 	   40.775024356965467 
  13.226387831576899 	   40.706629559820080 
  14.988992677173268 	   40.629435748465674 
  16.793696104892799 	   40.543561975477964 
  18.647312523382819 	   40.449140681130594 
  20.557479188969712 	   40.346317489753162 
  22.532827199745945 	   40.235250985970090 
  24.583189592346823 	   40.116112471202690 
  26.719857224347312 	   39.989085700834408 
  28.955896642809996 	   39.854366602434396 
  31.306549040751591 	   39.712162975383016 
  33.789736315817464 	   39.562694172098489 
  36.426710125967070 	   39.406190760743733 
  39.242894168648881 	   39.242894168648888 
  39.406190760743733 	   36.426710125967077 
  39.562694172098489 	   33.789736315817464 
  39.712162975383016 	   31.306549040751584 
  39.854366602434389 	   28.955896642809993 
  39.989085700834408 	   26.719857224347315 
  40.116112471202683 	   24.583189592346827 
  40.235250985970076 	   22.532827199745945 
  40.346317489753154 	   20.557479188969719 
  40.449140681130594 	   18.647312523382823 
  40.543561975477964 	   16.793696104892803 
  40.629435748465674 	   14.988992677173270 
  40.706629559820080 	   13.226387831576901 
  40.775024356965467 	   11.499747984998148 
  40.834514658194159 	    9.803501068390483 
  40.885008715045345 	    8.132535044864365 
  40.926428653609470 	    6.482110401304585 
  40.958710594512063 	    4.847783520952097 
  40.981804751367974 	    3.225338412388862 
  40.995675507534955 	    1.610724689485522 
  41.000301471033161 	    0.000000000000003 
   0.000000000000000 	   42.000306180211467 
   1.650035271169297 	   41.996194190242434 
   3.304202420714744 	   41.983864562268330 
   4.966689095922702 	   41.963336312309686 
   6.641795944763892 	   41.934641101156281 
   8.333996840297077 	   41.897823185561464 
  10.048003765976373 	   41.852939350035776 
  11.788838250135095 	   41.800058819361190 
  13.561911555481398 	   41.739263151981724 
  15.373116268519794 	   41.670646114460155 
  17.228932528852333 	   41.594313537223883 
  19.136552938176589 	   41.510383151856026 
  21.104031262618950 	   41.418984410217632 
  23.140461487987032 	   41.320258285713159 
  25.256195745989885 	   41.214357057027001 
  27.463112303195825 	   41.101444074653550 
  29.774948489601318 	   40.981693510494772 
  32.207718578310896 	   40.855290090663161 
  34.780243869522693 	   40.722428811323589 
  37.514832583058990 	   40.583314636788963 
  40.438162177919914 	   40.438162177919921 
  40.583314636788963 	   37.514832583058997 
  40.722428811323589 	   34.780243869522693 
  40.855290090663154 	   32.207718578310889 
  40.981693510494765 	   29.774948489601314 
  41.101444074653543 	   27.463112303195825 
  41.214357057026994 	   25.256195745989888 
  41.320258285713152 	   23.140461487987032 
  41.418984410217625 	   21.104031262618957 
  41.510383151856026 	   19.136552938176592 
  41.594313537223883 	   17.228932528852333 
  41.670646114460155 	   15.373116268519796 
  41.739263151981724 	   13.561911555481402 
  41.800058819361190 	   11.788838250135099 
  41.852939350035776 	   10.048003765976377 
  41.897823185561464 	    8.333996840297081 
  41.934641101156281 	    6.641795944763894 
  41.963336312309686 	    4.966689095922705 
  41.983864562268330 	    3.304202420714746 
  41.996194190242434 	    1.650035271169299 
  42.000306180211467 	    0.000000000000003 
   0.000000000000000 	   43.000310950863771 
   1.689345872084270 	   42.996712933886108 
   3.383066467150931 	   42.985924432510366 
   5.085594727179549 	   42.967962086854143 
   6.801481561633328 	   42.942853601948777 
   8.535458724866659 	   42.910637705047300 
  10.292506566689621 	   42.871364085965020 
  12.077928630323788 	   42.825093320562381 
  13.897435403980250 	   42.771896777509951 
  15.757239991327268 	   42.711856508506173 
  17.664169088201568 	   42.645065122147720 
  19.625793489137759 	   42.571625641680157 
  21.650583469921386 	   42.491651346880332 
  23.748095904041406 	   42.405265600337835 
  25.929202018402815 	   42.312601658401427 
  28.206367488913202 	   42.213802467019569 
  30.594000429161255 	   42.109020442594208 
  33.108888193417236 	   41.998417237711365 
  35.770751486041398 	   41.882163491076867 
  38.602955090945613 	   41.760438559949073 
  41.633430231524500 	   41.633430231524507 
  41.760438559949073 	   38.602955090945620 
  41.882163491076867 	   35.770751486041398 
  41.998417237711358 	   33.108888193417229 
  42.109020442594208 	   30.594000429161255 
  42.213802467019569 	   28.206367488913209 
  42.312601658401420 	   25.929202018402819 
  42.405265600337820 	   23.748095904041406 
  42.491651346880325 	   21.650583469921393 
  42.571625641680157 	   19.625793489137763 
  42.645065122147720 	   17.664169088201572 
  42.711856508506173 	   15.757239991327271 
  42.771896777509951 	   13.897435403980253 
  42.825093320562381 	   12.077928630323790 
  42.871364085965020 	   10.292506566689624 
  42.910637705047300 	    8.535458724866663 
  42.942853601948777 	    6.801481561633331 
  42.967962086854143 	    5.085594727179551 
  42.985924432510366 	    3.383066467150933 
  42.996712933886108 	    1.689345872084273 
  43.000310950863771 	    0.000000000000003 
   0.000000000000000 	   44.000315776017487 
   1.728656494267899 	   43.997231731486956 
   3.461930555691944 	   43.987984355098128 
   5.204500420514722 	   43.972587911129445 
   6.961167259266533 	   43.951066148959562 
   8.736920707179678 	   43.923452266487999 
  10.537009480013815 	   43.889788859021976 
  12.367019135488562 	   43.850127853726512 
  14.232959386950599 	   43.804530429762494 
  16.141363854897111 	   43.753066924263877 
  18.099405791111323 	   43.695816724330250 
  20.115034182744086 	   43.632868145233452 
  22.197135815117512 	   43.564318295052928 
  24.355730449422463 	   43.490272925958436 
  26.602208407988833 	   43.410846272334794 
  28.949622776592076 	   43.326160875865121 
  31.413052453362571 	   43.236347397495656 
  34.010057875251270 	   43.141544415783741 
  36.761259152997688 	   43.041898210274354 
  39.691077637570608 	   42.937562526954700 
  42.828698320250332 	   42.828698320250339 
  42.937562526954700 	   39.691077637570615 
  43.041898210274354 	   36.761259152997688 
  43.141544415783741 	   34.010057875251270 
  43.236347397495649 	   31.413052453362567 
  43.326160875865114 	   28.949622776592079 
  43.410846272334787 	   26.602208407988837 
  43.490272925958429 	   24.355730449422463 
  43.564318295052921 	   22.197135815117520 
  43.632868145233445 	   20.115034182744090 
  43.695816724330250 	   18.099405791111327 
  43.753066924263877 	   16.141363854897115 
  43.804530429762494 	   14.232959386950602 
  43.850127853726512 	   12.367019135488565 
  43.889788859021976 	   10.537009480013820 
  43.923452266487999 	    8.736920707179683 
  43.951066148959562 	    6.961167259266536 
  43.972587911129445 	    5.204500420514725 
  43.987984355098128 	    3.461930555691946 
  43.997231731486956 	    1.728656494267902 
  44.000315776017487 	    0.000000000000003 
   0.000000000000000 	   45.000320648711167 
   1.767967140055031 	   44.997750576085338 
   3.540794690909116 	   44.990044323079971 
   5.323406182541358 	   44.977213778205588 
   7.120853046031469 	   44.959278735305638 
   8.938382796985726 	   44.936266863088576 
  10.781512516628768 	   44.908213662558538 
  12.656109776719832 	   44.875162412430242 
  14.568483515317840 	   44.837164102637125 
  16.525487869372792 	   44.794277356064626 
  18.534642646302892 	   44.746568338660474 
  20.604275025653884 	   44.694110658091162 
  22.743688302191256 	   44.636985251120031 
  24.963365124899678 	   44.575280259871874 
  27.275214911895123 	   44.509090897097138 
  29.692878159572874 	   44.438519300416303 
  32.232104551912926 	   44.363674375221017 
  34.911227610609060 	   44.284671625263620 
  37.751766855765865 	   44.201632968675113 
  40.779200209285513 	   44.114686534849774 
  44.023966434436986 	   44.023966434436986 
  44.114686534849774 	   40.779200209285520 
  44.201632968675113 	   37.751766855765865 
  44.284671625263613 	   34.911227610609053 
  44.363674375221009 	   32.232104551912926 
  44.438519300416303 	   29.692878159572878 
  44.509090897097138 	   27.275214911895127 
  44.575280259871860 	   24.963365124899678 
  44.636985251120024 	   22.743688302191259 
  44.694110658091155 	   20.604275025653884 
  44.746568338660474 	   18.534642646302895 
  44.794277356064626 	   16.525487869372792 
  44.837164102637125 	   14.568483515317842 
  44.875162412430242 	   12.656109776719834 
  44.908213662558538 	   10.781512516628771 
  44.936266863088576 	    8.938382796985730 
  44.959278735305638 	    7.120853046031471 
  44.977213778205588 	    5.323406182541361 
  44.990044323079971 	    3.540794690909118 
  44.997750576085338 	    1.767967140055033 
  45.000320648711167 	    0.000000000000003 
   0.000000000000000 	   46.000325561892289 
   1.807277812118232 	   45.998269460641239 
   3.619658878026969 	   45.992104329455955 
   5.442312020797856 	   45.981839681157396 
   7.280538931431117 	   45.967491354182847 
   9.139845005300989 	   45.949081488226561 
  11.026015688522303 	   45.926638490210998 
  12.945200566359743 	   45.900196990662415 
  14.904007801102200 	   45.869797790584229 
  16.909612045736779 	   45.835487798940740 
  18.969879662987960 	   45.797319960878795 
  21.093516024584478 	   45.755353176825082 
  23.290240934685414 	   45.709652212593646 
  25.570999930251027 	   45.660287600608342 
  27.948221525703431 	   45.607335532259853 
  30.436133629076153 	   45.550877741214663 
  33.051156711942433 	   45.491001377046693 
  35.812397383487053 	   45.427798867621540 
  38.742274577154404 	   45.361367766801173 
  41.867322790795711 	   45.291810580909399 
  45.219234564241454 	   45.219234564241461 
  45.291810580909399 	   41.867322790795718 
  45.361367766801173 	   38.742274577154404 
  45.427798867621533 	   35.812397383487053 
  45.491001377046693 	   33.051156711942433 
  45.550877741214656 	   30.436133629076156 
  45.607335532259846 	   27.948221525703435 
  45.660287600608328 	   25.570999930251027 
  45.709652212593639 	   23.290240934685418 
  45.755353176825075 	   21.093516024584481 
  45.797319960878795 	   18.969879662987960 
  45.835487798940740 	   16.909612045736782 
  45.869797790584229 	   14.904007801102201 
  45.900196990662415 	   12.945200566359746 
  45.926638490210998 	   11.026015688522307 
  45.949081488226561 	    9.139845005300993 
  45.967491354182847 	    7.280538931431120 
  45.981839681157396 	    5.442312020797858 
  45.992104329455955 	    3.619658878026971 
  45.998269460641239 	    1.807277812118234 
  46.000325561892289 	    0.000000000000003 
   0.000000000000000 	   47.000330508311208 
   1.846588513515048 	   46.998788377931398 
   3.698523123012363 	   46.994164367084075 
   5.561217943868741 	   46.986465612985491 
   7.440224926242024 	   46.975703998805599 
   9.341307344548060 	   46.961896135413653 
  11.270519009114167 	   46.945063335885258 
  13.234291518093883 	   46.925231582832552 
  15.239532257464431 	   46.902431488636331 
  17.293736395800106 	   46.876698248672540 
  19.405116850795935 	   46.848071587636390 
  21.582757186175250 	   46.816595699069381 
  23.836793715500860 	   46.782319178179151 
  26.178634863999573 	   46.745294947991098 
  28.621228243103939 	   46.705580178742913 
  31.179389173813487 	   46.663236200144901 
  33.870208917560888 	   46.618328405501281 
  36.713567174636047 	   46.570926145367110 
  39.732782297104706 	   46.521102605830620 
  42.955445365256409 	   46.468934662539738 
  46.414502700179554 	   46.414502700179561 
  46.468934662539738 	   42.955445365256416 
  46.521102605830620 	   39.732782297104706 
  46.570926145367103 	   36.713567174636040 
  46.618328405501281 	   33.870208917560888 
  46.663236200144894 	   31.179389173813487 
  46.705580178742906 	   28.621228243103943 
  46.745294947991084 	   26.178634863999569 
  46.782319178179151 	   23.836793715500864 
  46.816595699069374 	   21.582757186175254 
  46.848071587636390 	   19.405116850795938 
  46.876698248672540 	   17.293736395800110 
  46.902431488636331 	   15.239532257464434 
  46.925231582832552 	   13.234291518093885 
  46.945063335885258 	   11.270519009114171 
  46.961896135413653 	    9.341307344548063 
  46.975703998805599 	    7.440224926242027 
  46.986465612985491 	    5.561217943868744 
  46.994164367084075 	    3.698523123012366 
  46.998788377931398 	    1.846588513515050 
  47.000330508311208 	    0.000000000000003 
   0.000000000000000 	   48.000335480408992 
   1.885899247743484 	   47.999307320441019 
   3.777387432678704 	   47.996224428583574 
   5.680123961524844 	   47.991091566537655 
   7.599911042673154 	   47.983916662351611 
   9.542769828713601 	   47.974710798267083 
  11.515022493392266 	   47.963488193755460 
  13.523382647047834 	   47.950266183795421 
  15.575056898748276 	   47.935065192455099 
  17.677860932181428 	   47.917908701852163 
  19.840354219686002 	   47.898823216569475 
  22.071998516833524 	   47.877838223598168 
  24.383346646679584 	   47.854986147849786 
  26.786269923135769 	   47.830302303202657 
  29.294235055554175 	   47.803824838868152 
  31.922644779574977 	   47.775594680468643 
  34.689261149374531 	   47.745655464365598 
  37.614736961066484 	   47.714053461984875 
  40.723289992409896 	   47.680837487435433 
  44.043567914617483 	   47.646058777127678 
  47.609770834081694 	   47.609770834081701 
  47.646058777127678 	   44.043567914617491 
  47.680837487435433 	   40.723289992409896 
  47.714053461984868 	   37.614736961066484 
  47.745655464365591 	   34.689261149374524 
  47.775594680468636 	   31.922644779574981 
  47.803824838868145 	   29.294235055554179 
  47.830302303202650 	   26.786269923135769 
  47.854986147849779 	   24.383346646679588 
  47.877838223598161 	   22.071998516833524 
  47.898823216569475 	   19.840354219686006 
  47.917908701852163 	   17.677860932181428 
  47.935065192455099 	   15.575056898748278 
  47.950266183795421 	   13.523382647047837 
  47.963488193755460 	   11.515022493392271 
  47.974710798267083 	    9.542769828713604 
  47.983916662351611 	    7.599911042673156 
  47.991091566537655 	    5.680123961524846 
  47.996224428583574 	    3.777387432678707 
  47.999307320441019 	    1.885899247743487 
  48.000335480408992 	    0.000000000000003 
   0.000000000000000 	   49.000340470196385 
   1.925210018807307 	   48.999826280247810 
   3.856251814807982 	   48.998284506233567 
   5.799030084886032 	   48.995717534430213 
   7.759597294547882 	   48.992129337911919 
   9.744232473525459 	   48.987525470491164 
  11.759526158061224 	   48.981913058277350 
  13.812473969886799 	   48.975300788892945 
  15.910581740516543 	   48.967698898396144 
  18.061985668272172 	   48.959119155963769 
  20.275591779840934 	   48.949574846386490 
  22.561240022562160 	   48.939080750412145 
  24.929899729172778 	   48.927653122926920 
  27.393905102828764 	   48.915309668855272 
  29.967241951925725 	   48.902069516418372 
  32.665900428791090 	   48.887953186867115 
  35.508313383946877 	   48.872982558677649 
  38.515906715474706 	   48.857180821842718 
  41.713797636460342 	   48.840572413514202 
  45.131690420403281 	   48.823182921787634 
  48.805038960659807 	   48.805038960659815 
  48.823182921787634 	   45.131690420403288 
  48.840572413514202 	   41.713797636460342 
  48.857180821842711 	   38.515906715474699 
  48.872982558677641 	   35.508313383946870 
  48.887953186867108 	   32.665900428791090 
  48.902069516418365 	   29.967241951925732 
  48.915309668855258 	   27.393905102828764 
  48.927653122926912 	   24.929899729172785 
  48.939080750412138 	   22.561240022562163 
  48.949574846386490 	   20.275591779840937 
  48.959119155963769 	   18.061985668272175 
  48.967698898396144 	   15.910581740516545 
  48.975300788892945 	   13.812473969886803 
  48.981913058277350 	   11.759526158061227 
  48.987525470491164 	    9.744232473525463 
  48.992129337911919 	    7.759597294547885 
  48.995717534430213 	    5.799030084886034 
  48.998284506233567 	    3.856251814807985 
  48.999826280247810 	    1.925210018807309 
  49.000340470196385 	    0.000000000000003 
   0.000000000000000 	   50.000345469121044 
   1.964520831293143 	   50.000345248895592 
   3.935116278294046 	   50.000344591865115 
   5.917936326610413 	   50.000343508968555 
   7.919283697512419 	   50.000342018446489 
   9.945695296651015 	   50.000340145870872 
  12.004030021702857 	   50.000337924218101 
  14.101565504915817 	   50.000335394015039 
  16.246106799576999 	   50.000332603592312 
  18.446110618183567 	   50.000329609479337 
  20.710829541539777 	   50.000326476966308 
  23.050481708768363 	   50.000323280831182 
  25.476452962596451 	   50.000320106162604 
  28.001540396131450 	   50.000317049063781 
  30.640248918143442 	   50.000314216703515 
  33.409156100065758 	   50.000311725498250 
  36.327365593181348 	   50.000309694748630 
  39.417076405538872 	   50.000308230056952 
  42.704305199014321 	   50.000307385730942 
  46.219812865306956 	   50.000307092922910 
  50.000307079928895 	   50.000307079928902 
  50.000307092922910 	   46.219812865306963 
  50.000307385730942 	   42.704305199014321 
  50.000308230056945 	   39.417076405538864 
  50.000309694748623 	   36.327365593181341 
  50.000311725498243 	   33.409156100065758 
  50.000314216703508 	   30.640248918143445 
  50.000317049063767 	   28.001540396131450 
  50.000320106162597 	   25.476452962596458 
  50.000323280831175 	   23.050481708768366 
  50.000326476966308 	   20.710829541539781 
  50.000329609479337 	   18.446110618183571 
  50.000332603592312 	   16.246106799577003 
  50.000335394015039 	   14.101565504915820 
  50.000337924218101 	   12.004030021702860 
  50.000340145870872 	    9.945695296651019 
  50.000342018446489 	    7.919283697512422 
  50.000343508968555 	    5.917936326610415 
  50.000344591865115 	    3.935116278294049 
  50.000345248895592 	    1.964520831293145 
  50.000345469121044 	    0.000000000000003 
