   0.000000000000000 	   20.000000000000000 
   0.785196315181372 	   19.984580724814457 
   1.569181914556899 	   19.938346674662558 
   2.350747949156753 	   19.861369139098525 
   3.128689300804617 	   19.753766811902757 
   3.901806440322565 	   19.615705608064609 
   4.668907277118108 	   19.447398407953532 
   5.428808997301485 	   19.249104729072947 
   6.180339887498948 	   19.021130325903069 
   6.922341141549859 	   18.763826718449682 
   7.653668647301796 	   18.477590650225736 
   8.373194750748562 	   18.162863476501627 
   9.079809994790935 	   17.820130483767358 
   9.772424829939098 	   17.449920141455944 
  10.449971294318976 	   17.052803287081847 
  11.111404660392044 	   16.629392246050905 
  11.755705045849464 	   16.180339887498949 
  12.381878986196678 	   15.706338617614898 
  12.988960966603674 	   15.208119312000619 
  13.576014910658834 	   14.686450188713710 
  14.142135623730949 	   14.142135623730951 
  14.686450188713710 	   13.576014910658836 
  15.208119312000619 	   12.988960966603674 
  15.706338617614898 	   12.381878986196678 
  16.180339887498949 	   11.755705045849464 
  16.629392246050905 	   11.111404660392045 
  17.052803287081844 	   10.449971294318978 
  17.449920141455941 	    9.772424829939100 
  17.820130483767358 	    9.079809994790937 
  18.162863476501624 	    8.373194750748564 
  18.477590650225736 	    7.653668647301797 
  18.763826718449682 	    6.922341141549860 
  19.021130325903069 	    6.180339887498949 
  19.249104729072947 	    5.428808997301486 
  19.447398407953532 	    4.668907277118110 
  19.615705608064609 	    3.901806440322567 
  19.753766811902757 	    3.128689300804619 
  19.861369139098525 	    2.350747949156754 
  19.938346674662558 	    1.569181914556900 
  19.984580724814457 	    0.785196315181373 
  20.000000000000000 	    0.000000000000001 
   0.000000000000000 	   21.000000000000000 
   0.824506616354776 	   20.985094700653978 
   1.648045362112700 	   20.940401785507142 
   2.469652683586141 	   20.865990167795239 
   3.288373724652024 	   20.761974584839329 
   4.103266837944576 	   20.628515421129119 
   4.913408299681031 	   20.465818461021748 
   5.717897311228358 	   20.274134571437180 
   6.515861384970493 	   20.053759315039635 
   7.306462232014575 	   19.805032494501358 
   8.088902296346895 	   19.528337628551544 
   8.862432116435807 	   19.224101360618238 
   9.626358744121951 	   18.892792800975112 
  10.380055516397924 	   18.534922803407412 
  11.122973564741564 	   18.151043177512452 
  11.854655568244473 	   17.741745837849205 
  12.574752424330082 	   17.307661891248983 
  13.283043744298610 	   16.849460663694401 
  13.979463410155995 	   16.367848668267264 
  14.664131899733883 	   15.863568515756587 
  15.337397769606584 	   15.337397769606586 
  15.863568515756587 	   14.664131899733887 
  16.367848668267264 	   13.979463410155995 
  16.849460663694401 	   13.283043744298610 
  17.307661891248983 	   12.574752424330082 
  17.741745837849205 	   11.854655568244475 
  18.151043177512449 	   11.122973564741566 
  18.534922803407412 	   10.380055516397924 
  18.892792800975108 	    9.626358744121953 
  19.224101360618238 	    8.862432116435807 
  19.528337628551544 	    8.088902296346896 
  19.805032494501358 	    7.306462232014576 
  20.053759315039635 	    6.515861384970494 
  20.274134571437180 	    5.717897311228359 
  20.465818461021748 	    4.913408299681032 
  20.628515421129119 	    4.103266837944577 
  20.761974584839329 	    3.288373724652025 
  20.865990167795239 	    2.469652683586142 
  20.940401785507142 	    1.648045362112701 
  20.985094700653978 	    0.824506616354777 
  21.000000000000000 	    0.000000000000001 
   0.000000000000000 	   22.000000000000000 
   0.863816917528180 	   21.985608676493495 
   1.726908809668500 	   21.942456896351722 
   2.588557418015529 	   21.870611196491957 
   3.448058148499431 	   21.770182357775905 
   4.304727235566587 	   21.641325234193637 
   5.157909322243954 	   21.484238514089963 
   6.006985625155230 	   21.299164413801417 
   6.851382882442040 	   21.086388304176200 
   7.690583322479291 	   20.846238270553037 
   8.524135945391993 	   20.579084606877352 
   9.351669482123050 	   20.285339244734850 
  10.172907493452970 	   19.965455118182867 
  10.987686202856748 	   19.619925465358882 
  11.795975835164151 	   19.249283067943058 
  12.597906476096904 	   18.854099429647512 
  13.393799802810701 	   18.434983894999018 
  14.184208502400542 	   17.992582709773906 
  14.969965853708318 	   17.527578024533913 
  15.752248888808934 	   17.040686842799463 
  16.532659915482220 	   16.532659915482224 
  17.040686842799463 	   15.752248888808937 
  17.527578024533913 	   14.969965853708318 
  17.992582709773906 	   14.184208502400542 
  18.434983894999018 	   13.393799802810701 
  18.854099429647512 	   12.597906476096906 
  19.249283067943054 	   11.795975835164153 
  19.619925465358879 	   10.987686202856750 
  19.965455118182867 	   10.172907493452971 
  20.285339244734850 	    9.351669482123052 
  20.579084606877352 	    8.524135945391995 
  20.846238270553037 	    7.690583322479292 
  21.086388304176200 	    6.851382882442040 
  21.299164413801417 	    6.006985625155232 
  21.484238514089963 	    5.157909322243956 
  21.641325234193637 	    4.304727235566589 
  21.770182357775905 	    3.448058148499432 
  21.870611196491957 	    2.588557418015530 
  21.942456896351722 	    1.726908809668502 
  21.985608676493495 	    0.863816917528181 
  22.000000000000000 	    0.000000000000001 
   0.000000000000000 	   23.000000000000000 
   0.903127218701583 	   22.986122652333012 
   1.805772257224301 	   22.944512007196302 
   2.707462152444917 	   22.875232225188672 
   3.607742572346837 	   22.778390130712481 
   4.506187633188598 	   22.654135047258148 
   5.402410344806877 	   22.502658567158178 
   6.296073939082102 	   22.324194256165651 
   7.186904379913584 	   22.119017293312762 
   8.074704412944008 	   21.887444046604717 
   8.959369594437092 	   21.629831585203164 
   9.840906847810297 	   21.346577128851468 
  10.719456242783984 	   21.038117435390621 
  11.595316889315573 	   20.704928127310350 
  12.468978105586737 	   20.347522958373659 
  13.341157383949334 	   19.966453021445812 
  14.212847181291322 	   19.562305898749056 
  15.085373260502474 	   19.135704755853411 
  15.960468297260640 	   18.687307380800558 
  16.840365877883986 	   18.217805169842340 
  17.727922061357855 	   17.727922061357855 
  18.217805169842340 	   16.840365877883986 
  18.687307380800558 	   15.960468297260640 
  19.135704755853411 	   15.085373260502474 
  19.562305898749056 	   14.212847181291322 
  19.966453021445812 	   13.341157383949335 
  20.347522958373659 	   12.468978105586739 
  20.704928127310346 	   11.595316889315574 
  21.038117435390618 	   10.719456242783988 
  21.346577128851465 	    9.840906847810299 
  21.629831585203164 	    8.959369594437094 
  21.887444046604717 	    8.074704412944010 
  22.119017293312762 	    7.186904379913586 
  22.324194256165651 	    6.296073939082103 
  22.502658567158178 	    5.402410344806880 
  22.654135047258148 	    4.506187633188601 
  22.778390130712481 	    3.607742572346839 
  22.875232225188672 	    2.707462152444918 
  22.944512007196302 	    1.805772257224302 
  22.986122652333012 	    0.903127218701584 
  23.000000000000000 	    0.000000000000001 
   0.000000000000000 	   24.000000000000000 
   0.942437519874987 	   23.986636628172530 
   1.884635704780102 	   23.946567118040885 
   2.826366886874305 	   23.879853253885390 
   3.767426996194244 	   23.786597903649056 
   4.707648030810609 	   23.666944860322658 
   5.646911367369801 	   23.521078620226394 
   6.585162253008974 	   23.349224098529884 
   7.522425877385130 	   23.151646282449327 
   8.458825503408725 	   22.928649822656393 
   9.394603243482191 	   22.680578563528972 
  10.330144213497542 	   22.407815012968079 
  11.266004992115002 	   22.110779752598379 
  12.202947575774399 	   21.789930789261820 
  13.141980376009325 	   21.445762848804264 
  14.084408291801763 	   21.078806613244119 
  15.031894559771940 	   20.689627902499090 
  15.986538018604406 	   20.278826801932915 
  16.950970740812963 	   19.847036737067203 
  17.928482866959037 	   19.394923496885216 
  18.923184207233490 	   18.923184207233490 
  19.394923496885216 	   17.928482866959037 
  19.847036737067203 	   16.950970740812963 
  20.278826801932912 	   15.986538018604405 
  20.689627902499090 	   15.031894559771940 
  21.078806613244119 	   14.084408291801767 
  21.445762848804264 	   13.141980376009327 
  21.789930789261817 	   12.202947575774401 
  22.110779752598376 	   11.266004992115006 
  22.407815012968076 	   10.330144213497544 
  22.680578563528972 	    9.394603243482193 
  22.928649822656393 	    8.458825503408727 
  23.151646282449327 	    7.522425877385131 
  23.349224098529884 	    6.585162253008976 
  23.521078620226394 	    5.646911367369802 
  23.666944860322658 	    4.707648030810612 
  23.786597903649056 	    3.767426996194245 
  23.879853253885390 	    2.826366886874306 
  23.946567118040885 	    1.884635704780103 
  23.986636628172530 	    0.942437519874988 
  24.000000000000000 	    0.000000000000001 
   0.000000000000000 	   25.000000000000000 
   0.981747821048391 	   24.987150604012047 
   1.963499152335903 	   24.948622228885466 
   2.945271621303693 	   24.884474282582104 
   3.927111420041651 	   24.794805676585632 
   4.909108428432621 	   24.679754673387173 
   5.891412389932723 	   24.539498673294609 
   6.874250566935848 	   24.374253940894121 
   7.857947374856675 	   24.184275271585889 
   8.842946593873441 	   23.969855598708069 
   9.829836892527288 	   23.731325541854780 
  10.819381579184787 	   23.469052897084691 
  11.812553741446019 	   23.183442069806130 
  12.810578262233223 	   22.874933451213288 
  13.814982646431913 	   22.544002739234873 
  14.827659199654192 	   22.191160205042419 
  15.850941938252561 	   21.816949906249125 
  16.887702776706337 	   21.421948848012416 
  17.941473184365286 	   21.006766093333852 
  19.016599856034087 	   20.572041823928092 
  20.118446353109121 	   20.118446353109125 
  20.572041823928092 	   19.016599856034091 
  21.006766093333852 	   17.941473184365286 
  21.421948848012413 	   16.887702776706334 
  21.816949906249125 	   15.850941938252561 
  22.191160205042419 	   14.827659199654196 
  22.544002739234870 	   13.814982646431915 
  22.874933451213284 	   12.810578262233223 
  23.183442069806127 	   11.812553741446020 
  23.469052897084687 	   10.819381579184787 
  23.731325541854780 	    9.829836892527290 
  23.969855598708069 	    8.842946593873442 
  24.184275271585889 	    7.857947374856677 
  24.374253940894121 	    6.874250566935848 
  24.539498673294609 	    5.891412389932726 
  24.679754673387173 	    4.909108428432623 
  24.794805676585632 	    3.927111420041652 
  24.884474282582104 	    2.945271621303694 
  24.948622228885466 	    1.963499152335904 
  24.987150604012047 	    0.981747821048392 
  25.000000000000000 	    0.000000000000002 
   0.000000000000000 	   26.000000000000000 
   1.021058122221794 	   25.987664579851565 
   2.042362599891704 	   25.950677339730046 
   3.064176355733081 	   25.889095311278819 
   4.086795843889057 	   25.803013449522204 
   5.110568826054632 	   25.692564486451687 
   6.135913412495647 	   25.557918726362825 
   7.163338880862719 	   25.399283783258355 
   8.193468872328221 	   25.216904260722455 
   9.227067684338159 	   25.011061374759748 
  10.265070541572387 	   24.782072520180588 
  11.308618944872030 	   24.530290781201302 
  12.359102490777035 	   24.256104387013885 
  13.418208948692049 	   23.959936113164758 
  14.487984916854501 	   23.642242629665478 
  15.570910107506622 	   23.303513796840722 
  16.669989316733179 	   22.944271909999159 
  17.788867534808269 	   22.565070894091917 
  18.931975627917605 	   22.166495449600493 
  20.104716845109138 	   21.749160150970969 
  21.313708498984759 	   21.313708498984763 
  21.749160150970969 	   20.104716845109142 
  22.166495449600493 	   18.931975627917605 
  22.565070894091917 	   17.788867534808269 
  22.944271909999159 	   16.669989316733179 
  23.303513796840722 	   15.570910107506625 
  23.642242629665475 	   14.487984916854503 
  23.959936113164751 	   13.418208948692047 
  24.256104387013881 	   12.359102490777037 
  24.530290781201298 	   11.308618944872032 
  24.782072520180588 	   10.265070541572388 
  25.011061374759748 	    9.227067684338159 
  25.216904260722455 	    8.193468872328223 
  25.399283783258355 	    7.163338880862720 
  25.557918726362825 	    6.135913412495649 
  25.692564486451687 	    5.110568826054634 
  25.803013449522204 	    4.086795843889059 
  25.889095311278819 	    3.064176355733082 
  25.950677339730046 	    2.042362599891705 
  25.987664579851565 	    1.021058122221796 
  26.000000000000000 	    0.000000000000002 
   0.000000000000000 	   27.000000000000000 
   1.060368423395198 	   26.988178555691086 
   2.121226047447504 	   26.952732450574626 
   3.183081090162468 	   26.893716339975533 
   4.246480267736463 	   26.811221222458780 
   5.312029223676643 	   26.705374299516198 
   6.380414435058569 	   26.576338779431037 
   7.452427194789592 	   26.424313625622592 
   8.528990369799766 	   26.249533249859020 
   9.611188774802875 	   26.052267150811424 
  10.700304190617485 	   25.832819498506396 
  11.797856310559276 	   25.591528665317913 
  12.905651240108051 	   25.328766704221639 
  14.025839635150872 	   25.044938775116222 
  15.160987187277088 	   24.740482520096084 
  16.314161015359055 	   24.415867388639025 
  17.489036695213798 	   24.071593913749197 
  18.690032292910200 	   23.708192940171426 
  19.922478071469925 	   23.326224805867142 
  21.192833834184189 	   22.926278478013845 
  22.508970644860394 	   22.508970644860398 
  22.926278478013845 	   21.192833834184192 
  23.326224805867142 	   19.922478071469925 
  23.708192940171422 	   18.690032292910200 
  24.071593913749194 	   17.489036695213798 
  24.415867388639022 	   16.314161015359055 
  24.740482520096080 	   15.160987187277090 
  25.044938775116218 	   14.025839635150874 
  25.328766704221639 	   12.905651240108055 
  25.591528665317913 	   11.797856310559277 
  25.832819498506396 	   10.700304190617487 
  26.052267150811424 	    9.611188774802876 
  26.249533249859020 	    8.528990369799768 
  26.424313625622592 	    7.452427194789593 
  26.576338779431037 	    6.380414435058571 
  26.705374299516198 	    5.312029223676645 
  26.811221222458780 	    4.246480267736465 
  26.893716339975533 	    3.183081090162470 
  26.952732450574626 	    2.121226047447506 
  26.988178555691086 	    1.060368423395199 
  27.000000000000000 	    0.000000000000002 
   0.000000000000000 	   28.000000000000000 
   1.099678724568601 	   27.988692531530603 
   2.200089495003305 	   27.954787561419209 
   3.301985824591857 	   27.898337368672252 
   4.406164691583870 	   27.819428995395356 
   5.513489621298654 	   27.718184112580712 
   6.624915457621493 	   27.594758832499256 
   7.741515508716464 	   27.449343467986825 
   8.864511867271311 	   27.282162238995582 
   9.995309865267592 	   27.093472926863100 
  11.135537839662584 	   26.883566476832208 
  12.287093676246522 	   26.652766549434531 
  13.452199989439070 	   26.401429021429397 
  14.633470321609698 	   26.129941437067696 
  15.833989457699674 	   25.838722410526685 
  17.057411923211482 	   25.528220980437332 
  18.308084073694420 	   25.198915917499232 
  19.591197051012131 	   24.851314986250927 
  20.912980515022252 	   24.485954162133790 
  22.280950823259239 	   24.103396805056722 
  23.704232790736029 	   23.704232790736032 
  24.103396805056722 	   22.280950823259243 
  24.485954162133790 	   20.912980515022252 
  24.851314986250923 	   19.591197051012131 
  25.198915917499232 	   18.308084073694420 
  25.528220980437329 	   17.057411923211486 
  25.838722410526682 	   15.833989457699676 
  26.129941437067689 	   14.633470321609698 
  26.401429021429394 	   13.452199989439073 
  26.652766549434528 	   12.287093676246524 
  26.883566476832208 	   11.135537839662586 
  27.093472926863100 	    9.995309865267592 
  27.282162238995582 	    8.864511867271313 
  27.449343467986825 	    7.741515508716466 
  27.594758832499256 	    6.624915457621496 
  27.718184112580712 	    5.513489621298656 
  27.819428995395356 	    4.406164691583871 
  27.898337368672252 	    3.301985824591858 
  27.954787561419209 	    2.200089495003307 
  27.988692531530603 	    1.099678724568603 
  28.000000000000000 	    0.000000000000002 
   0.000000000000000 	   29.000000000000000 
   1.138989025742005 	   28.989206507370120 
   2.278952942559106 	   28.956842672263789 
   3.420890559021245 	   28.902958397368970 
   4.565849115431277 	   28.827636768331931 
   5.714950018920666 	   28.730993925645226 
   6.869416480184415 	   28.613178885567471 
   8.030603822643336 	   28.474373310351062 
   9.200033364742858 	   28.314791228132147 
  10.379430955732307 	   28.134678702914776 
  11.570771488707683 	   27.934313455158016 
  12.776331041933766 	   27.714004433551139 
  13.998748738770086 	   27.474091338637152 
  15.241101008068522 	   27.214944099019160 
  16.506991728122262 	   26.936962300957294 
  17.800662831063914 	   26.640574572235632 
  19.127131452175039 	   26.326237921249270 
  20.492361809114062 	   25.994437032330428 
  21.903482958574568 	   25.645683518400432 
  23.369067812334290 	   25.280515132099598 
  24.899494936611664 	   24.899494936611667 
  25.280515132099598 	   23.369067812334293 
  25.645683518400432 	   21.903482958574568 
  25.994437032330428 	   20.492361809114062 
  26.326237921249263 	   19.127131452175036 
  26.640574572235632 	   17.800662831063917 
  26.936962300957290 	   16.506991728122266 
  27.214944099019156 	   15.241101008068524 
  27.474091338637148 	   13.998748738770090 
  27.714004433551136 	   12.776331041933767 
  27.934313455158016 	   11.570771488707685 
  28.134678702914776 	   10.379430955732309 
  28.314791228132147 	    9.200033364742859 
  28.474373310351062 	    8.030603822643338 
  28.613178885567471 	    6.869416480184418 
  28.730993925645226 	    5.714950018920668 
  28.827636768331931 	    4.565849115431278 
  28.902958397368970 	    3.420890559021246 
  28.956842672263789 	    2.278952942559108 
  28.989206507370120 	    1.138989025742007 
  29.000000000000000 	    0.000000000000002 
   0.000000000000000 	   30.000000000000000 
   1.178299326915409 	   29.989720483209638 
   2.357816390114907 	   29.958897783108370 
   3.539795293450632 	   29.907579426065684 
   4.725533539278683 	   29.835844541268504 
   5.916410416542677 	   29.743803738709740 
   7.113917502747340 	   29.631598938635690 
   8.319692136570209 	   29.499403152715299 
   9.535554862214402 	   29.347420217268709 
  10.763552046197024 	   29.175884478966452 
  12.006005137752782 	   28.985060433483824 
  13.265568407621011 	   28.775242317667754 
  14.545297488101102 	   28.546753655844903 
  15.848731694527348 	   28.299946760970634 
  17.179993998544848 	   28.035202191387899 
  18.543913738916341 	   27.752928164033936 
  19.946178830655658 	   27.453559924999301 
  21.393526567215996 	   27.137559078409936 
  22.893985402126894 	   26.805412874667084 
  24.457184801409340 	   26.457633459142475 
  26.094757082487295 	   26.094757082487298 
  26.457633459142475 	   24.457184801409344 
  26.805412874667084 	   22.893985402126894 
  27.137559078409929 	   21.393526567215989 
  27.453559924999301 	   19.946178830655658 
  27.752928164033936 	   18.543913738916345 
  28.035202191387896 	   17.179993998544852 
  28.299946760970624 	   15.848731694527347 
  28.546753655844899 	   14.545297488101106 
  28.775242317667750 	   13.265568407621013 
  28.985060433483824 	   12.006005137752783 
  29.175884478966452 	   10.763552046197026 
  29.347420217268709 	    9.535554862214404 
  29.499403152715299 	    8.319692136570211 
  29.631598938635690 	    7.113917502747342 
  29.743803738709740 	    5.916410416542679 
  29.835844541268504 	    4.725533539278685 
  29.907579426065684 	    3.539795293450634 
  29.958897783108370 	    2.357816390114908 
  29.989720483209638 	    1.178299326915411 
  30.000000000000000 	    0.000000000000002 
   0.000000000000000 	   31.000000000000000 
   1.217609628088812 	   30.990234459049155 
   2.436679837670707 	   30.960952893952953 
   3.658700027880020 	   30.912200454762399 
   4.885217963126089 	   30.844052314205076 
   6.117870814164688 	   30.756613551774251 
   7.358418525310261 	   30.650018991703902 
   8.608780450497081 	   30.524432995079529 
   9.871076359685947 	   30.380049206405275 
  11.147673136661743 	   30.217090255018135 
  12.441238786797880 	   30.035807411809635 
  13.754805773308254 	   29.836480201784362 
  15.091846237432117 	   29.619415973052657 
  16.456362380986171 	   29.384949422922098 
  17.852996268967434 	   29.133442081818501 
  19.287164646768776 	   28.865281755832243 
  20.765226209136276 	   28.580881928749335 
  22.294691325317924 	   28.280681124489433 
  23.884487845679214 	   27.965142230933722 
  25.545301790484391 	   27.634751786185351 
  27.290019228362933 	   27.290019228362937 
  27.634751786185351 	   25.545301790484395 
  27.965142230933722 	   23.884487845679214 
  28.280681124489433 	   22.294691325317924 
  28.580881928749335 	   20.765226209136276 
  28.865281755832235 	   19.287164646768776 
  29.133442081818497 	   17.852996268967438 
  29.384949422922094 	   16.456362380986175 
  29.619415973052654 	   15.091846237432121 
  29.836480201784358 	   13.754805773308256 
  30.035807411809635 	   12.441238786797882 
  30.217090255018135 	   11.147673136661744 
  30.380049206405275 	    9.871076359685949 
  30.524432995079529 	    8.608780450497083 
  30.650018991703902 	    7.358418525310264 
  30.756613551774251 	    6.117870814164690 
  30.844052314205076 	    4.885217963126091 
  30.912200454762399 	    3.658700027880022 
  30.960952893952953 	    2.436679837670709 
  30.990234459049155 	    1.217609628088814 
  31.000000000000000 	    0.000000000000002 
   0.000000000000000 	   32.000000000000000 
   1.256919929262216 	   31.990748434888673 
   2.515543285226508 	   31.963008004797533 
   3.777604762309408 	   31.916821483459113 
   5.044902386973496 	   31.852260087141651 
   6.319331211786699 	   31.769423364838765 
   7.602919547873186 	   31.668439044772121 
   8.897868764423952 	   31.549462837443762 
  10.206597857157494 	   31.412678195541840 
  11.531794227126458 	   31.258296031069815 
  12.876472435842979 	   31.086554390135440 
  14.244043138995501 	   30.897718085900980 
  15.638394986763133 	   30.692078290260412 
  17.063993067445001 	   30.469952084873572 
  18.525998539390024 	   30.231681972249110 
  20.030415554621200 	   29.977635347630539 
  21.584273587616895 	   29.708203932499373 
  23.195856083419855 	   29.423803170568938 
  24.874990289231537 	   29.124871587200371 
  26.633418779559442 	   28.811870113228228 
  28.485281374238568 	   28.485281374238571 
  28.811870113228228 	   26.633418779559445 
  29.124871587200371 	   24.874990289231537 
  29.423803170568938 	   23.195856083419855 
  29.708203932499373 	   21.584273587616895 
  29.977635347630539 	   20.030415554621204 
  30.231681972249106 	   18.525998539390027 
  30.469952084873562 	   17.063993067444997 
  30.692078290260408 	   15.638394986763137 
  30.897718085900973 	   14.244043138995503 
  31.086554390135440 	   12.876472435842981 
  31.258296031069815 	   11.531794227126460 
  31.412678195541840 	   10.206597857157496 
  31.549462837443762 	    8.897868764423954 
  31.668439044772121 	    7.602919547873189 
  31.769423364838765 	    6.319331211786702 
  31.852260087141651 	    5.044902386973498 
  31.916821483459113 	    3.777604762309410 
  31.963008004797533 	    2.515543285226510 
  31.990748434888673 	    1.256919929262218 
  32.000000000000000 	    0.000000000000002 
   0.000000000000000 	   33.000000000000000 
   1.296230230435620 	   32.991262410728197 
   2.594406732782309 	   32.965063115642124 
   3.896509496738797 	   32.921442512155835 
   5.204586810820903 	   32.860467860078231 
   6.520791609408710 	   32.782233177903279 
   7.847420570436108 	   32.686859097840333 
   9.186957078350828 	   32.574492679808003 
  10.542119354629039 	   32.445307184678398 
  11.915915317591175 	   32.299501807121487 
  13.311706084888080 	   32.137301368461252 
  14.733280504682746 	   31.958955970017595 
  16.184943736094151 	   31.764740607468170 
  17.671623753903823 	   31.554954746825036 
  19.199000809812613 	   31.329921862679718 
  20.773666462473635 	   31.089988939428846 
  22.403320966097517 	   30.835525936249411 
  24.097020841521790 	   30.566925216648443 
  25.865492732783856 	   30.284600943467016 
  27.721535768634489 	   29.988988440271104 
  29.680543520114199 	   29.680543520114206 
  29.988988440271104 	   27.721535768634496 
  30.284600943467016 	   25.865492732783856 
  30.566925216648443 	   24.097020841521790 
  30.835525936249404 	   22.403320966097514 
  31.089988939428846 	   20.773666462473638 
  31.329921862679715 	   19.199000809812617 
  31.554954746825032 	   17.671623753903823 
  31.764740607468166 	   16.184943736094159 
  31.958955970017591 	   14.733280504682748 
  32.137301368461252 	   13.311706084888081 
  32.299501807121487 	   11.915915317591177 
  32.445307184678398 	   10.542119354629040 
  32.574492679808003 	    9.186957078350829 
  32.686859097840333 	    7.847420570436111 
  32.782233177903279 	    6.520791609408714 
  32.860467860078231 	    5.204586810820905 
  32.921442512155835 	    3.896509496738799 
  32.965063115642124 	    2.594406732782311 
  32.991262410728197 	    1.296230230435622 
  33.000000000000000 	    0.000000000000002 
   0.000000000000000 	   34.000000000000000 
   1.335540531609023 	   33.991776386567707 
   2.673270180338110 	   33.967118226486697 
   4.015414231168184 	   33.926063540852539 
   5.364271234668309 	   33.868675633014803 
   6.722252007030721 	   33.795042990967787 
   8.091921592999030 	   33.705279150908545 
   9.476045392277697 	   33.599522522172236 
  10.877640852100585 	   33.477936173814967 
  12.300036408055890 	   33.340707583173163 
  13.746939733933177 	   33.188048346787056 
  15.222517870369989 	   33.020193854134199 
  16.731492485425168 	   32.837402924675921 
  18.279254440362646 	   32.639957408776503 
  19.872003080235199 	   32.428161753110324 
  21.516917370326063 	   32.202342531227146 
  23.222368344578136 	   31.962847939999442 
  24.998185599623721 	   31.710047262727951 
  26.855995176336179 	   31.444330299733661 
  28.809652757709539 	   31.166106767313980 
  30.875805665989837 	   30.875805665989841 
  31.166106767313980 	   28.809652757709546 
  31.444330299733661 	   26.855995176336179 
  31.710047262727944 	   24.998185599623717 
  31.962847939999438 	   23.222368344578133 
  32.202342531227146 	   21.516917370326063 
  32.428161753110317 	   19.872003080235203 
  32.639957408776496 	   18.279254440362649 
  32.837402924675921 	   16.731492485425171 
  33.020193854134199 	   15.222517870369991 
  33.188048346787056 	   13.746939733933178 
  33.340707583173163 	   12.300036408055892 
  33.477936173814967 	   10.877640852100587 
  33.599522522172236 	    9.476045392277699 
  33.705279150908545 	    8.091921592999034 
  33.795042990967787 	    6.722252007030724 
  33.868675633014803 	    5.364271234668311 
  33.926063540852539 	    4.015414231168186 
  33.967118226486697 	    2.673270180338112 
  33.991776386567707 	    1.335540531609025 
  34.000000000000000 	    0.000000000000002 
   0.000000000000000 	   35.000000000000000 
   1.374850832782427 	   34.992290362407225 
   2.752133627893911 	   34.969173337331284 
   4.134318965597572 	   34.930684569549264 
   5.523955658515716 	   34.876883405951375 
   6.923712404652733 	   34.807852804032308 
   8.336422615561954 	   34.723699203976764 
   9.765133706204571 	   34.624552364536470 
  11.213162349572130 	   34.510565162951529 
  12.684157498520607 	   34.381913359224839 
  14.182173382978274 	   34.238795325112868 
  15.711755236057236 	   34.081431738250821 
  17.278041234756188 	   33.910065241883686 
  18.886885126821472 	   33.724960070727974 
  20.545005350657785 	   33.526401643540922 
  22.260168278178490 	   33.314696123025449 
  24.041415723058755 	   33.090169943749473 
  25.899350357725655 	   32.853169308807452 
  27.846497619888503 	   32.604059656000310 
  29.897769746784590 	   32.343225094356860 
  32.071067811865476 	   32.071067811865476 
  32.343225094356860 	   29.897769746784597 
  32.604059656000310 	   27.846497619888503 
  32.853169308807452 	   25.899350357725652 
  33.090169943749473 	   24.041415723058755 
  33.314696123025449 	   22.260168278178497 
  33.526401643540922 	   20.545005350657789 
  33.724960070727967 	   18.886885126821472 
  33.910065241883679 	   17.278041234756191 
  34.081431738250814 	   15.711755236057238 
  34.238795325112868 	   14.182173382978275 
  34.381913359224839 	   12.684157498520609 
  34.510565162951529 	   11.213162349572134 
  34.624552364536470 	    9.765133706204573 
  34.723699203976764 	    8.336422615561958 
  34.807852804032308 	    6.923712404652735 
  34.876883405951375 	    5.523955658515718 
  34.930684569549264 	    4.134318965597575 
  34.969173337331284 	    2.752133627893913 
  34.992290362407225 	    1.374850832782429 
  35.000000000000000 	    0.000000000000002 
   0.000000000000000 	   36.000000000000000 
   1.414161133955831 	   35.992804338246742 
   2.830997075449711 	   35.971228448175857 
   4.253223700026960 	   35.935305598245975 
   5.683640082363123 	   35.885091178887954 
   7.125172802274743 	   35.820662617096815 
   8.580923638124878 	   35.742119257044983 
  10.054222020131443 	   35.649582206900710 
  11.548683847043675 	   35.543194152088091 
  13.068278588985322 	   35.423119135276515 
  14.617407032023374 	   35.289542303438679 
  16.200992601744481 	   35.142669622367436 
  17.824589984087204 	   34.982727559091437 
  19.494515813280298 	   34.809962732679445 
  21.218007621080371 	   34.624641533971527 
  23.003419186030925 	   34.427049714823760 
  24.860463101539374 	   34.217491947499511 
  26.800515115827583 	   33.996291354886957 
  28.837000063440826 	   33.763789012266955 
  30.985886735859641 	   33.520343421399737 
  33.266329957741107 	   33.266329957741107 
  33.520343421399737 	   30.985886735859648 
  33.763789012266955 	   28.837000063440826 
  33.996291354886949 	   26.800515115827579 
  34.217491947499511 	   24.860463101539374 
  34.427049714823752 	   23.003419186030925 
  34.624641533971520 	   21.218007621080375 
  34.809962732679438 	   19.494515813280298 
  34.982727559091430 	   17.824589984087208 
  35.142669622367428 	   16.200992601744485 
  35.289542303438679 	   14.617407032023376 
  35.423119135276515 	   13.068278588985324 
  35.543194152088091 	   11.548683847043677 
  35.649582206900710 	   10.054222020131444 
  35.742119257044983 	    8.580923638124881 
  35.820662617096815 	    7.125172802274745 
  35.885091178887954 	    5.683640082363125 
  35.935305598245975 	    4.253223700026962 
  35.971228448175857 	    2.830997075449713 
  35.992804338246742 	    1.414161133955833 
  36.000000000000000 	    0.000000000000002 
   0.000000000000000 	   37.000000000000000 
   1.453471435129235 	   36.993318314086267 
   2.909860523005512 	   36.973283559020444 
   4.372128434456348 	   36.939926626942693 
   5.843324506210529 	   36.893298951824526 
   7.326633199896754 	   36.833472430161329 
   8.825424660687801 	   36.760539310113195 
  10.343310334058316 	   36.674612049264944 
  11.884205344515221 	   36.575823141224660 
  13.452399679450039 	   36.464324911328198 
  15.052640681068475 	   36.340289281764491 
  16.690229967431726 	   36.203907506484043 
  18.371138733418221 	   36.055389876299188 
  20.102146499739124 	   35.894965394630916 
  21.891009891502961 	   35.722881424402139 
  23.746670093883349 	   35.539403306622056 
  25.679510480019996 	   35.344813951249549 
  27.701679873929514 	   35.139413400966454 
  29.827502506993149 	   34.923518368533600 
  32.074003724934691 	   34.697461748442613 
  34.461592103616745 	   34.461592103616745 
  34.697461748442613 	   32.074003724934698 
  34.923518368533600 	   29.827502506993149 
  35.139413400966454 	   27.701679873929514 
  35.344813951249542 	   25.679510480019992 
  35.539403306622056 	   23.746670093883356 
  35.722881424402132 	   21.891009891502964 
  35.894965394630908 	   20.102146499739124 
  36.055389876299188 	   18.371138733418224 
  36.203907506484036 	   16.690229967431726 
  36.340289281764491 	   15.052640681068477 
  36.464324911328198 	   13.452399679450041 
  36.575823141224660 	   11.884205344515223 
  36.674612049264944 	   10.343310334058318 
  36.760539310113195 	    8.825424660687803 
  36.833472430161329 	    7.326633199896757 
  36.893298951824526 	    5.843324506210531 
  36.939926626942693 	    4.372128434456350 
  36.973283559020444 	    2.909860523005515 
  36.993318314086267 	    1.453471435129237 
  37.000000000000000 	    0.000000000000002 
   0.000000000000000 	   38.000000000000000 
   1.492781736302638 	   37.993832289925784 
   2.988723970561312 	   37.975338669865017 
   4.491033168885736 	   37.944547655639411 
   6.003008930057936 	   37.901506724761106 
   7.528093597518766 	   37.846282243225843 
   9.069925683250723 	   37.778959363181407 
  10.632398647985188 	   37.699641891629177 
  12.219726841986768 	   37.608452130361222 
  13.836520769914754 	   37.505530687379874 
  15.487874330113572 	   37.391036260090296 
  17.179467333118968 	   37.265145390600651 
  18.917687482749237 	   37.128052193506946 
  20.709777186197947 	   36.979968056582379 
  22.564012161925550 	   36.821121314832745 
  24.489921001735784 	   36.651756898420359 
  26.498557858500615 	   36.472135954999587 
  28.602844632031445 	   36.282535447045959 
  30.818004950545468 	   36.083247724800245 
  33.162120714009745 	   35.874580075485490 
  35.656854249492376 	   35.656854249492383 
  35.874580075485490 	   33.162120714009745 
  36.083247724800245 	   30.818004950545468 
  36.282535447045959 	   28.602844632031445 
  36.472135954999580 	   26.498557858500611 
  36.651756898420359 	   24.489921001735787 
  36.821121314832737 	   22.564012161925554 
  36.979968056582372 	   20.709777186197947 
  37.128052193506939 	   18.917687482749241 
  37.265145390600644 	   17.179467333118971 
  37.391036260090296 	   15.487874330113574 
  37.505530687379874 	   13.836520769914756 
  37.608452130361222 	   12.219726841986770 
  37.699641891629177 	   10.632398647985189 
  37.778959363181407 	    9.069925683250727 
  37.846282243225843 	    7.528093597518769 
  37.901506724761106 	    6.003008930057938 
  37.944547655639411 	    4.491033168885739 
  37.975338669865017 	    2.988723970561315 
  37.993832289925784 	    1.492781736302640 
  38.000000000000000 	    0.000000000000002 
   0.000000000000000 	   39.000000000000000 
   1.532092037476042 	   38.994346265765294 
   3.067587418117114 	   38.977393780709605 
   4.609937903315124 	   38.949168684336122 
   6.162693353905342 	   38.909714497697678 
   7.729553995140778 	   38.859092056290358 
   9.314426705813647 	   38.797379416249626 
  10.921486961912059 	   38.724671733993411 
  12.555248339458311 	   38.641081119497784 
  14.220641860379471 	   38.546736463431550 
  15.923107979158669 	   38.441783238416100 
  17.668704698806216 	   38.326383274717273 
  19.464236232080253 	   38.200714510714697 
  21.317407872656773 	   38.064970718533850 
  23.237014432348136 	   37.919361205263350 
  25.233171909588211 	   37.764110490218663 
  27.317605236981230 	   37.599457958749618 
  29.504009390133380 	   37.425657493125463 
  31.808507394097791 	   37.242977081066897 
  34.250237703084792 	   37.051698402528359 
  36.852116395368007 	   36.852116395368014 
  37.051698402528359 	   34.250237703084800 
  37.242977081066897 	   31.808507394097791 
  37.425657493125463 	   29.504009390133380 
  37.599457958749618 	   27.317605236981230 
  37.764110490218656 	   25.233171909588211 
  37.919361205263343 	   23.237014432348140 
  38.064970718533843 	   21.317407872656773 
  38.200714510714690 	   19.464236232080257 
  38.326383274717266 	   17.668704698806220 
  38.441783238416100 	   15.923107979158670 
  38.546736463431550 	   14.220641860379473 
  38.641081119497784 	   12.555248339458315 
  38.724671733993411 	   10.921486961912061 
  38.797379416249626 	    9.314426705813650 
  38.859092056290358 	    7.729553995140781 
  38.909714497697678 	    6.162693353905345 
  38.949168684336122 	    4.609937903315125 
  38.977393780709605 	    3.067587418117116 
  38.994346265765294 	    1.532092037476044 
  39.000000000000000 	    0.000000000000002 
   0.000000000000000 	   40.000000000000000 
   1.571402338649445 	   39.994860241604819 
   3.146450865672914 	   39.979448891554185 
   4.728842637744513 	   39.953789713032840 
   6.322377777752750 	   39.917922270634257 
   7.931014392762788 	   39.871901869354872 
   9.558927728376570 	   39.815799469317845 
  11.210575275838933 	   39.749701576357651 
  12.890769836929858 	   39.673710108634353 
  14.604762950844187 	   39.587942239483226 
  16.358341628203767 	   39.492530216741919 
  18.157942064493461 	   39.387621158833880 
  20.010784981411270 	   39.273376827922448 
  21.925038559115599 	   39.149973380485321 
  23.910016702770722 	   39.017601095693948 
  25.976422817440643 	   38.876464082016966 
  28.136652615461852 	   38.726779962499656 
  30.405174148235311 	   38.568779539204968 
  32.799009837650111 	   38.402706437333542 
  35.338354692159847 	   38.228816729571236 
  38.047378541243646 	   38.047378541243653 
  38.228816729571236 	   35.338354692159847 
  38.402706437333542 	   32.799009837650111 
  38.568779539204961 	   30.405174148235307 
  38.726779962499656 	   28.136652615461852 
  38.876464082016966 	   25.976422817440646 
  39.017601095693948 	   23.910016702770726 
  39.149973380485314 	   21.925038559115599 
  39.273376827922448 	   20.010784981411273 
  39.387621158833873 	   18.157942064493461 
  39.492530216741919 	   16.358341628203771 
  39.587942239483226 	   14.604762950844190 
  39.673710108634353 	   12.890769836929859 
  39.749701576357651 	   11.210575275838936 
  39.815799469317845 	    9.558927728376574 
  39.871901869354872 	    7.931014392762791 
  39.917922270634257 	    6.322377777752751 
  39.953789713032840 	    4.728842637744514 
  39.979448891554185 	    3.146450865672916 
  39.994860241604819 	    1.571402338649448 
  40.000000000000000 	    0.000000000000002 
   0.000000000000000 	   41.000000000000000 
   1.610712639822849 	   40.995374217444336 
   3.225314313228715 	   40.981504002398772 
   4.847747372173900 	   40.958410741729558 
   6.482062201600154 	   40.926130043570822 
   8.132474790384800 	   40.884711682419386 
   9.803428750939494 	   40.834219522386057 
  11.499663589765804 	   40.774731418721878 
  13.226291334401404 	   40.706339097770915 
  14.988884041308904 	   40.629148015534902 
  16.793575277248866 	   40.543277195067724 
  18.647179430180703 	   40.448859042950488 
  20.557333730742283 	   40.346039145130206 
  22.532669245574422 	   40.234976042436791 
  24.583018973193308 	   40.115840986124553 
  26.719673725293074 	   39.988817673815269 
  28.955699993942474 	   39.854101966249694 
  31.306338906337245 	   39.711901585284473 
  33.789512281202434 	   39.562435793600187 
  36.426471681234894 	   39.405935056614112 
  39.242640687119284 	   39.242640687119291 
  39.405935056614112 	   36.426471681234901 
  39.562435793600187 	   33.789512281202434 
  39.711901585284473 	   31.306338906337238 
  39.854101966249686 	   28.955699993942471 
  39.988817673815269 	   26.719673725293077 
  40.115840986124546 	   24.583018973193312 
  40.234976042436777 	   22.532669245574422 
  40.346039145130199 	   20.557333730742290 
  40.448859042950488 	   18.647179430180707 
  40.543277195067724 	   16.793575277248870 
  40.629148015534902 	   14.988884041308905 
  40.706339097770915 	   13.226291334401406 
  40.774731418721878 	   11.499663589765806 
  40.834219522386057 	    9.803428750939498 
  40.884711682419386 	    8.132474790384803 
  40.926130043570822 	    6.482062201600157 
  40.958410741729558 	    4.847747372173902 
  40.981504002398772 	    3.225314313228718 
  40.995374217444336 	    1.610712639822852 
  41.000000000000000 	    0.000000000000003 
   0.000000000000000 	   42.000000000000000 
   1.650022940996253 	   41.995888193283854 
   3.304177760784516 	   41.983559113243345 
   4.966652106603288 	   41.963031770426269 
   6.641746625447562 	   41.934337816507401 
   8.333935188006810 	   41.897521495483893 
  10.047929773502416 	   41.852639575454269 
  11.788751903692676 	   41.799761261086118 
  13.561812831872947 	   41.738968086907477 
  15.373005131773622 	   41.670353791586585 
  17.228808926293969 	   41.594024173393535 
  19.136416795867948 	   41.510096927067103 
  21.103882480073302 	   41.418701462337964 
  23.140299932033248 	   41.319978704388255 
  25.256021243615898 	   41.214080876555165 
  27.462924633145505 	   41.101171265613573 
  29.774747372423093 	   40.981423969999724 
  32.207503664439173 	   40.855023631363977 
  34.780014724754757 	   40.722165149866832 
  37.514588670309948 	   40.583053383656988 
  40.437902832994915 	   40.437902832994922 
  40.583053383656988 	   37.514588670309955 
  40.722165149866832 	   34.780014724754757 
  40.855023631363970 	   32.207503664439166 
  40.981423969999717 	   29.774747372423089 
  41.101171265613566 	   27.462924633145505 
  41.214080876555158 	   25.256021243615901 
  41.319978704388248 	   23.140299932033248 
  41.418701462337957 	   21.103882480073310 
  41.510096927067103 	   19.136416795867952 
  41.594024173393535 	   17.228808926293969 
  41.670353791586585 	   15.373005131773624 
  41.738968086907477 	   13.561812831872951 
  41.799761261086118 	   11.788751903692679 
  41.852639575454269 	   10.047929773502419 
  41.897521495483893 	    8.333935188006814 
  41.934337816507401 	    6.641746625447563 
  41.963031770426269 	    4.966652106603290 
  41.983559113243345 	    3.304177760784518 
  41.995888193283854 	    1.650022940996255 
  42.000000000000000 	    0.000000000000003 
   0.000000000000000 	   43.000000000000000 
   1.689333242169656 	   42.996402169123371 
   3.383041208340317 	   42.985614224087932 
   5.085556841032677 	   42.967652799122995 
   6.801431049294968 	   42.942545589443974 
   8.535395585628821 	   42.910331308548407 
  10.292430796065339 	   42.871059628522488 
  12.077840217619549 	   42.824791103450352 
  13.897334329344494 	   42.771597076044046 
  15.757126222238337 	   42.711559567638261 
  17.664042575339064 	   42.644771151719340 
  19.625654161555197 	   42.571334811183718 
  21.650431229404319 	   42.491363779545715 
  23.747930618492074 	   42.404981366339726 
  25.929023514038487 	   42.312320766985771 
  28.206175540997933 	   42.213524857411876 
  30.593794750903708 	   42.108745973749755 
  33.108668422541108 	   41.998145677443482 
  35.770517168307080 	   41.881894506133477 
  38.602705659384995 	   41.760171710699865 
  41.633164978870553 	   41.633164978870560 
  41.760171710699865 	   38.602705659385002 
  41.881894506133477 	   35.770517168307080 
  41.998145677443475 	   33.108668422541101 
  42.108745973749755 	   30.593794750903708 
  42.213524857411876 	   28.206175540997940 
  42.312320766985763 	   25.929023514038491 
  42.404981366339712 	   23.747930618492074 
  42.491363779545708 	   21.650431229404326 
  42.571334811183718 	   19.625654161555200 
  42.644771151719340 	   17.664042575339067 
  42.711559567638261 	   15.757126222238341 
  42.771597076044046 	   13.897334329344497 
  42.824791103450352 	   12.077840217619551 
  42.871059628522488 	   10.292430796065343 
  42.910331308548407 	    8.535395585628825 
  42.942545589443974 	    6.801431049294971 
  42.967652799122995 	    5.085556841032679 
  42.985614224087932 	    3.383041208340320 
  42.996402169123371 	    1.689333242169659 
  43.000000000000000 	    0.000000000000003 
   0.000000000000000 	   44.000000000000000 
   1.728643543343060 	   43.996916144962888 
   3.461904655896118 	   43.987669334932512 
   5.204461575462063 	   43.972273827819699 
   6.961115473142375 	   43.950753362380553 
   8.736855983250832 	   43.923141121612922 
  10.536931818628261 	   43.889479681590707 
  12.366928531546421 	   43.849820945814585 
  14.232855826816040 	   43.804226065180607 
  16.141247312703054 	   43.752765343689937 
  18.099276224384163 	   43.695518130045144 
  20.114891527242438 	   43.632572695300333 
  22.196979978735335 	   43.564026096753473 
  24.355561304950896 	   43.489984028291190 
  26.602025784461073 	   43.410560657416376 
  28.949426448850360 	   43.325878449210180 
  31.412842129384330 	   43.236067977499793 
  34.009833180643035 	   43.141267723522979 
  36.761019611859396 	   43.041623862400122 
  39.690822648460049 	   42.937290037742741 
  42.828427124746185 	   42.828427124746192 
  42.937290037742741 	   39.690822648460056 
  43.041623862400122 	   36.761019611859396 
  43.141267723522979 	   34.009833180643035 
  43.236067977499786 	   31.412842129384327 
  43.325878449210173 	   28.949426448850364 
  43.410560657416369 	   26.602025784461077 
  43.489984028291182 	   24.355561304950896 
  43.564026096753466 	   22.196979978735342 
  43.632572695300325 	   20.114891527242442 
  43.695518130045144 	   18.099276224384166 
  43.752765343689937 	   16.141247312703058 
  43.804226065180607 	   14.232855826816044 
  43.849820945814585 	   12.366928531546424 
  43.889479681590707 	   10.536931818628267 
  43.923141121612922 	    8.736855983250837 
  43.950753362380553 	    6.961115473142377 
  43.972273827819699 	    5.204461575462066 
  43.987669334932512 	    3.461904655896120 
  43.996916144962888 	    1.728643543343062 
  44.000000000000000 	    0.000000000000003 
   0.000000000000000 	   45.000000000000000 
   1.767953844516464 	   44.997430120802413 
   3.540768103451919 	   44.989724445777092 
   5.323366309891452 	   44.976894856516424 
   7.120799896989781 	   44.958961135317125 
   8.938316380872845 	   44.935950934677436 
  10.781432841191185 	   44.907899734658919 
  12.656016845473294 	   44.874850788178826 
  14.568377324287585 	   44.836855054317169 
  16.525368403167771 	   44.793971119741613 
  18.534509873429261 	   44.746265108370956 
  20.604128892929687 	   44.693810579416947 
  22.743528728066355 	   44.636688413961231 
  24.963191991409722 	   44.574986690242667 
  27.275028054883659 	   44.508800547846974 
  29.692677356702792 	   44.438232041008483 
  32.231889507864949 	   44.363389981249831 
  34.910997938744970 	   44.284389769602484 
  37.751522055411719 	   44.201353218666767 
  40.778939637535096 	   44.114408364785618 
  44.023689270621823 	   44.023689270621823 
  44.114408364785618 	   40.778939637535103 
  44.201353218666767 	   37.751522055411719 
  44.284389769602477 	   34.910997938744963 
  44.363389981249824 	   32.231889507864949 
  44.438232041008483 	   29.692677356702795 
  44.508800547846974 	   27.275028054883663 
  44.574986690242653 	   24.963191991409722 
  44.636688413961224 	   22.743528728066359 
  44.693810579416940 	   20.604128892929687 
  44.746265108370956 	   18.534509873429265 
  44.793971119741613 	   16.525368403167771 
  44.836855054317169 	   14.568377324287587 
  44.874850788178826 	   12.656016845473296 
  44.907899734658919 	   10.781432841191188 
  44.935950934677436 	    8.938316380872848 
  44.958961135317125 	    7.120799896989784 
  44.976894856516424 	    5.323366309891455 
  44.989724445777092 	    3.540768103451921 
  44.997430120802413 	    1.767953844516466 
  45.000000000000000 	    0.000000000000003 
   0.000000000000000 	   46.000000000000000 
   1.807264145689867 	   45.997944096641923 
   3.619631551007719 	   45.991779556621672 
   5.442271044320840 	   45.981515885213135 
   7.280484320837188 	   45.967168908253697 
   9.139776778494856 	   45.948760747741950 
  11.025933863754108 	   45.926319787727138 
  12.945105159400166 	   45.899880630543059 
  14.903898821759132 	   45.869484043453738 
  16.909489493632485 	   45.835176895793289 
  18.969743522474364 	   45.797012086696775 
  21.093366258616932 	   45.755048463533562 
  23.290077477397372 	   45.709350731168982 
  25.570822677868545 	   45.659989352194131 
  27.948030325306249 	   45.607040438277586 
  30.435928264555223 	   45.550585632806786 
  33.050936886345568 	   45.490711984999862 
  35.812162696846897 	   45.427511815681989 
  38.742024498964042 	   45.361082574933413 
  41.867056626610150 	   45.291526691828494 
  45.218951416497454 	   45.218951416497461 
  45.291526691828494 	   41.867056626610157 
  45.361082574933413 	   38.742024498964042 
  45.427511815681981 	   35.812162696846897 
  45.490711984999862 	   33.050936886345568 
  45.550585632806779 	   30.435928264555226 
  45.607040438277579 	   27.948030325306252 
  45.659989352194117 	   25.570822677868545 
  45.709350731168975 	   23.290077477397375 
  45.755048463533555 	   21.093366258616935 
  45.797012086696775 	   18.969743522474364 
  45.835176895793289 	   16.909489493632488 
  45.869484043453738 	   14.903898821759133 
  45.899880630543059 	   12.945105159400169 
  45.926319787727138 	   11.025933863754112 
  45.948760747741950 	    9.139776778494859 
  45.967168908253697 	    7.280484320837191 
  45.981515885213135 	    5.442271044320842 
  45.991779556621672 	    3.619631551007722 
  45.997944096641923 	    1.807264145689870 
  46.000000000000000 	    0.000000000000003 
   0.000000000000000 	   47.000000000000000 
   1.846574446863271 	   46.998458072481441 
   3.698494998563520 	   46.993834667466260 
   5.561175778750227 	   46.986136913909853 
   7.440168744684595 	   46.975376681190276 
   9.341237176116865 	   46.961570560806457 
  11.270434886317032 	   46.944739840795357 
  13.234193473327039 	   46.924910472907293 
  15.239420319230677 	   46.902113032590300 
  17.293610584097205 	   46.876382671844972 
  19.404977171519459 	   46.847759065022579 
  21.582603624304173 	   46.816286347650170 
  23.836626226728388 	   46.782013048376733 
  26.178453364327375 	   46.744992014145602 
  28.621032595728835 	   46.705280328708191 
  31.179179172407654 	   46.662939224605090 
  33.869984264826186 	   46.618033988749900 
  36.713327454948832 	   46.570633861761493 
  39.732526942516365 	   46.520811931200058 
  42.955173615685197 	   46.468645018871371 
  46.414213562373092 	   46.414213562373099 
  46.468645018871371 	   42.955173615685204 
  46.520811931200058 	   39.732526942516365 
  46.570633861761486 	   36.713327454948825 
  46.618033988749900 	   33.869984264826186 
  46.662939224605083 	   31.179179172407654 
  46.705280328708184 	   28.621032595728838 
  46.744992014145588 	   26.178453364327371 
  46.782013048376733 	   23.836626226728391 
  46.816286347650163 	   21.582603624304177 
  46.847759065022579 	   19.404977171519462 
  46.876382671844972 	   17.293610584097209 
  46.902113032590300 	   15.239420319230680 
  46.924910472907293 	   13.234193473327041 
  46.944739840795357 	   11.270434886317036 
  46.961570560806457 	    9.341237176116868 
  46.975376681190276 	    7.440168744684597 
  46.986136913909853 	    5.561175778750230 
  46.993834667466260 	    3.698494998563523 
  46.998458072481441 	    1.846574446863273 
  47.000000000000000 	    0.000000000000003 
   0.000000000000000 	   48.000000000000000 
   1.885884748036675 	   47.998972048320958 
   3.777358446119321 	   47.995889778310840 
   5.680080513179615 	   47.990757942606564 
   7.599853168532001 	   47.983584454126849 
   9.542697573738877 	   47.974380373870972 
  11.514935908879954 	   47.963159893863569 
  13.523281787253909 	   47.949940315271526 
  15.574941816702221 	   47.934742021726862 
  17.677731674561922 	   47.917588447896648 
  19.840210820564558 	   47.898506043348384 
  22.071840989991422 	   47.877524231766785 
  24.383174976059404 	   47.854675365584491 
  26.786084050786197 	   47.829994676097066 
  29.294034866151421 	   47.803520219138790 
  31.922430080260082 	   47.775292816403393 
  34.689031643306812 	   47.745355992499938 
  37.614492213050760 	   47.713755907840998 
  40.723029386068688 	   47.680541287466710 
  44.043290604760251 	   47.645763345914247 
  47.609475708248723 	   47.609475708248731 
  47.645763345914247 	   44.043290604760259 
  47.680541287466710 	   40.723029386068688 
  47.713755907840991 	   37.614492213050760 
  47.745355992499931 	   34.689031643306805 
  47.775292816403386 	   31.922430080260085 
  47.803520219138782 	   29.294034866151424 
  47.829994676097058 	   26.786084050786197 
  47.854675365584484 	   24.383174976059408 
  47.877524231766778 	   22.071840989991422 
  47.898506043348384 	   19.840210820564561 
  47.917588447896648 	   17.677731674561922 
  47.934742021726862 	   15.574941816702223 
  47.949940315271526 	   13.523281787253913 
  47.963159893863569 	   11.514935908879959 
  47.974380373870972 	    9.542697573738881 
  47.983584454126849 	    7.599853168532004 
  47.990757942606564 	    5.680080513179618 
  47.995889778310840 	    3.777358446119324 
  47.998972048320958 	    1.885884748036677 
  48.000000000000000 	    0.000000000000003 
   0.000000000000000 	   49.000000000000000 
   1.925195049210078 	   48.999486024160483 
   3.856221893675122 	   48.997944889155420 
   5.798985247609004 	   48.995378971303282 
   7.759537592379408 	   48.991792227063428 
   9.744157971360888 	   48.987190186935486 
  11.759436931442877 	   48.981579946931781 
  13.812370101180784 	   48.974970157635767 
  15.910463314173768 	   48.967371010863431 
  18.061852765026636 	   48.958794223948324 
  20.275444469609656 	   48.949253021674195 
  22.561078355678664 	   48.938762115883392 
  24.929723725390417 	   48.927337682792242 
  27.393714737245023 	   48.914997338048543 
  29.967037136574010 	   48.901760109569402 
  32.665680988112513 	   48.887646408201697 
  35.508079021787431 	   48.872677996249976 
  38.515656971152694 	   48.856877953920502 
  41.713531829621012 	   48.840270643733355 
  45.131407593835306 	   48.822881672957131 
  48.804737854124355 	   48.804737854124362 
  48.822881672957131 	   45.131407593835313 
  48.840270643733355 	   41.713531829621012 
  48.856877953920495 	   38.515656971152687 
  48.872677996249969 	   35.508079021787424 
  48.887646408201689 	   32.665680988112513 
  48.901760109569395 	   29.967037136574017 
  48.914997338048529 	   27.393714737245023 
  48.927337682792235 	   24.929723725390424 
  48.938762115883385 	   22.561078355678667 
  48.949253021674195 	   20.275444469609660 
  48.958794223948324 	   18.061852765026639 
  48.967371010863431 	   15.910463314173770 
  48.974970157635767 	   13.812370101180788 
  48.981579946931781 	   11.759436931442881 
  48.987190186935486 	    9.744157971360892 
  48.991792227063428 	    7.759537592379410 
  48.995378971303282 	    5.798985247609006 
  48.997944889155420 	    3.856221893675124 
  48.999486024160483 	    1.925195049210081 
  49.000000000000000 	    0.000000000000003 
   0.000000000000000 	   50.000000000000000 
   1.964505350383482 	   50.000000000000000 
   3.935085341230923 	   50.000000000000000 
   5.917889982038392 	   50.000000000000000 
   7.919222016226815 	   50.000000000000000 
   9.945618368982901 	   50.000000000000000 
  12.003937954005801 	   50.000000000000000 
  14.101458415107654 	   50.000000000000000 
  16.245984811645314 	   49.999999999999993 
  18.445973855491353 	   50.000000000000000 
  20.710678118654755 	   50.000000000000000 
  23.050315721365909 	   50.000000000000007 
  25.476272474721437 	   50.000000000000000 
  28.001345423703846 	   50.000000000000007 
  30.640039406996596 	   50.000000000000000 
  33.408931895964948 	   50.000000000000000 
  36.327126400268050 	   50.000000000000007 
  39.416821729254629 	   50.000000000000007 
  42.704034273173335 	   50.000000000000000 
  46.219524582910353 	   50.000000000000000 
  50.000000000000000 	   50.000000000000007 
  50.000000000000000 	   46.219524582910360 
  50.000000000000000 	   42.704034273173335 
  50.000000000000000 	   39.416821729254622 
  50.000000000000000 	   36.327126400268043 
  49.999999999999993 	   33.408931895964948 
  49.999999999999993 	   30.640039406996600 
  49.999999999999993 	   28.001345423703846 
  49.999999999999993 	   25.476272474721444 
  50.000000000000000 	   23.050315721365912 
  50.000000000000000 	   20.710678118654759 
  50.000000000000000 	   18.445973855491356 
  49.999999999999993 	   16.245984811645318 
  50.000000000000000 	   14.101458415107658 
  50.000000000000000 	   12.003937954005805 
  50.000000000000000 	    9.945618368982904 
  50.000000000000000 	    7.919222016226818 
  50.000000000000000 	    5.917889982038394 
  50.000000000000000 	    3.935085341230925 
  50.000000000000000 	    1.964505350383485 
  50.000000000000000 	    0.000000000000003 
