1 	 2 	 43 	 42 
2 	 3 	 44 	 43 
3 	 4 	 45 	 44 
4 	 5 	 46 	 45 
5 	 6 	 47 	 46 
6 	 7 	 48 	 47 
7 	 8 	 49 	 48 
8 	 9 	 50 	 49 
9 	 10 	 51 	 50 
10 	 11 	 52 	 51 
11 	 12 	 53 	 52 
12 	 13 	 54 	 53 
13 	 14 	 55 	 54 
14 	 15 	 56 	 55 
15 	 16 	 57 	 56 
16 	 17 	 58 	 57 
17 	 18 	 59 	 58 
18 	 19 	 60 	 59 
19 	 20 	 61 	 60 
20 	 21 	 62 	 61 
21 	 22 	 63 	 62 
22 	 23 	 64 	 63 
23 	 24 	 65 	 64 
24 	 25 	 66 	 65 
25 	 26 	 67 	 66 
26 	 27 	 68 	 67 
27 	 28 	 69 	 68 
28 	 29 	 70 	 69 
29 	 30 	 71 	 70 
30 	 31 	 72 	 71 
31 	 32 	 73 	 72 
32 	 33 	 74 	 73 
33 	 34 	 75 	 74 
34 	 35 	 76 	 75 
35 	 36 	 77 	 76 
36 	 37 	 78 	 77 
37 	 38 	 79 	 78 
38 	 39 	 80 	 79 
39 	 40 	 81 	 80 
40 	 41 	 82 	 81 
42 	 43 	 84 	 83 
43 	 44 	 85 	 84 
44 	 45 	 86 	 85 
45 	 46 	 87 	 86 
46 	 47 	 88 	 87 
47 	 48 	 89 	 88 
48 	 49 	 90 	 89 
49 	 50 	 91 	 90 
50 	 51 	 92 	 91 
51 	 52 	 93 	 92 
52 	 53 	 94 	 93 
53 	 54 	 95 	 94 
54 	 55 	 96 	 95 
55 	 56 	 97 	 96 
56 	 57 	 98 	 97 
57 	 58 	 99 	 98 
58 	 59 	 100 	 99 
59 	 60 	 101 	 100 
60 	 61 	 102 	 101 
61 	 62 	 103 	 102 
62 	 63 	 104 	 103 
63 	 64 	 105 	 104 
64 	 65 	 106 	 105 
65 	 66 	 107 	 106 
66 	 67 	 108 	 107 
67 	 68 	 109 	 108 
68 	 69 	 110 	 109 
69 	 70 	 111 	 110 
70 	 71 	 112 	 111 
71 	 72 	 113 	 112 
72 	 73 	 114 	 113 
73 	 74 	 115 	 114 
74 	 75 	 116 	 115 
75 	 76 	 117 	 116 
76 	 77 	 118 	 117 
77 	 78 	 119 	 118 
78 	 79 	 120 	 119 
79 	 80 	 121 	 120 
80 	 81 	 122 	 121 
81 	 82 	 123 	 122 
83 	 84 	 125 	 124 
84 	 85 	 126 	 125 
85 	 86 	 127 	 126 
86 	 87 	 128 	 127 
87 	 88 	 129 	 128 
88 	 89 	 130 	 129 
89 	 90 	 131 	 130 
90 	 91 	 132 	 131 
91 	 92 	 133 	 132 
92 	 93 	 134 	 133 
93 	 94 	 135 	 134 
94 	 95 	 136 	 135 
95 	 96 	 137 	 136 
96 	 97 	 138 	 137 
97 	 98 	 139 	 138 
98 	 99 	 140 	 139 
99 	 100 	 141 	 140 
100 	 101 	 142 	 141 
101 	 102 	 143 	 142 
102 	 103 	 144 	 143 
103 	 104 	 145 	 144 
104 	 105 	 146 	 145 
105 	 106 	 147 	 146 
106 	 107 	 148 	 147 
107 	 108 	 149 	 148 
108 	 109 	 150 	 149 
109 	 110 	 151 	 150 
110 	 111 	 152 	 151 
111 	 112 	 153 	 152 
112 	 113 	 154 	 153 
113 	 114 	 155 	 154 
114 	 115 	 156 	 155 
115 	 116 	 157 	 156 
116 	 117 	 158 	 157 
117 	 118 	 159 	 158 
118 	 119 	 160 	 159 
119 	 120 	 161 	 160 
120 	 121 	 162 	 161 
121 	 122 	 163 	 162 
122 	 123 	 164 	 163 
124 	 125 	 166 	 165 
125 	 126 	 167 	 166 
126 	 127 	 168 	 167 
127 	 128 	 169 	 168 
128 	 129 	 170 	 169 
129 	 130 	 171 	 170 
130 	 131 	 172 	 171 
131 	 132 	 173 	 172 
132 	 133 	 174 	 173 
133 	 134 	 175 	 174 
134 	 135 	 176 	 175 
135 	 136 	 177 	 176 
136 	 137 	 178 	 177 
137 	 138 	 179 	 178 
138 	 139 	 180 	 179 
139 	 140 	 181 	 180 
140 	 141 	 182 	 181 
141 	 142 	 183 	 182 
142 	 143 	 184 	 183 
143 	 144 	 185 	 184 
144 	 145 	 186 	 185 
145 	 146 	 187 	 186 
146 	 147 	 188 	 187 
147 	 148 	 189 	 188 
148 	 149 	 190 	 189 
149 	 150 	 191 	 190 
150 	 151 	 192 	 191 
151 	 152 	 193 	 192 
152 	 153 	 194 	 193 
153 	 154 	 195 	 194 
154 	 155 	 196 	 195 
155 	 156 	 197 	 196 
156 	 157 	 198 	 197 
157 	 158 	 199 	 198 
158 	 159 	 200 	 199 
159 	 160 	 201 	 200 
160 	 161 	 202 	 201 
161 	 162 	 203 	 202 
162 	 163 	 204 	 203 
163 	 164 	 205 	 204 
165 	 166 	 207 	 206 
166 	 167 	 208 	 207 
167 	 168 	 209 	 208 
168 	 169 	 210 	 209 
169 	 170 	 211 	 210 
170 	 171 	 212 	 211 
171 	 172 	 213 	 212 
172 	 173 	 214 	 213 
173 	 174 	 215 	 214 
174 	 175 	 216 	 215 
175 	 176 	 217 	 216 
176 	 177 	 218 	 217 
177 	 178 	 219 	 218 
178 	 179 	 220 	 219 
179 	 180 	 221 	 220 
180 	 181 	 222 	 221 
181 	 182 	 223 	 222 
182 	 183 	 224 	 223 
183 	 184 	 225 	 224 
184 	 185 	 226 	 225 
185 	 186 	 227 	 226 
186 	 187 	 228 	 227 
187 	 188 	 229 	 228 
188 	 189 	 230 	 229 
189 	 190 	 231 	 230 
190 	 191 	 232 	 231 
191 	 192 	 233 	 232 
192 	 193 	 234 	 233 
193 	 194 	 235 	 234 
194 	 195 	 236 	 235 
195 	 196 	 237 	 236 
196 	 197 	 238 	 237 
197 	 198 	 239 	 238 
198 	 199 	 240 	 239 
199 	 200 	 241 	 240 
200 	 201 	 242 	 241 
201 	 202 	 243 	 242 
202 	 203 	 244 	 243 
203 	 204 	 245 	 244 
204 	 205 	 246 	 245 
206 	 207 	 248 	 247 
207 	 208 	 249 	 248 
208 	 209 	 250 	 249 
209 	 210 	 251 	 250 
210 	 211 	 252 	 251 
211 	 212 	 253 	 252 
212 	 213 	 254 	 253 
213 	 214 	 255 	 254 
214 	 215 	 256 	 255 
215 	 216 	 257 	 256 
216 	 217 	 258 	 257 
217 	 218 	 259 	 258 
218 	 219 	 260 	 259 
219 	 220 	 261 	 260 
220 	 221 	 262 	 261 
221 	 222 	 263 	 262 
222 	 223 	 264 	 263 
223 	 224 	 265 	 264 
224 	 225 	 266 	 265 
225 	 226 	 267 	 266 
226 	 227 	 268 	 267 
227 	 228 	 269 	 268 
228 	 229 	 270 	 269 
229 	 230 	 271 	 270 
230 	 231 	 272 	 271 
231 	 232 	 273 	 272 
232 	 233 	 274 	 273 
233 	 234 	 275 	 274 
234 	 235 	 276 	 275 
235 	 236 	 277 	 276 
236 	 237 	 278 	 277 
237 	 238 	 279 	 278 
238 	 239 	 280 	 279 
239 	 240 	 281 	 280 
240 	 241 	 282 	 281 
241 	 242 	 283 	 282 
242 	 243 	 284 	 283 
243 	 244 	 285 	 284 
244 	 245 	 286 	 285 
245 	 246 	 287 	 286 
247 	 248 	 289 	 288 
248 	 249 	 290 	 289 
249 	 250 	 291 	 290 
250 	 251 	 292 	 291 
251 	 252 	 293 	 292 
252 	 253 	 294 	 293 
253 	 254 	 295 	 294 
254 	 255 	 296 	 295 
255 	 256 	 297 	 296 
256 	 257 	 298 	 297 
257 	 258 	 299 	 298 
258 	 259 	 300 	 299 
259 	 260 	 301 	 300 
260 	 261 	 302 	 301 
261 	 262 	 303 	 302 
262 	 263 	 304 	 303 
263 	 264 	 305 	 304 
264 	 265 	 306 	 305 
265 	 266 	 307 	 306 
266 	 267 	 308 	 307 
267 	 268 	 309 	 308 
268 	 269 	 310 	 309 
269 	 270 	 311 	 310 
270 	 271 	 312 	 311 
271 	 272 	 313 	 312 
272 	 273 	 314 	 313 
273 	 274 	 315 	 314 
274 	 275 	 316 	 315 
275 	 276 	 317 	 316 
276 	 277 	 318 	 317 
277 	 278 	 319 	 318 
278 	 279 	 320 	 319 
279 	 280 	 321 	 320 
280 	 281 	 322 	 321 
281 	 282 	 323 	 322 
282 	 283 	 324 	 323 
283 	 284 	 325 	 324 
284 	 285 	 326 	 325 
285 	 286 	 327 	 326 
286 	 287 	 328 	 327 
288 	 289 	 330 	 329 
289 	 290 	 331 	 330 
290 	 291 	 332 	 331 
291 	 292 	 333 	 332 
292 	 293 	 334 	 333 
293 	 294 	 335 	 334 
294 	 295 	 336 	 335 
295 	 296 	 337 	 336 
296 	 297 	 338 	 337 
297 	 298 	 339 	 338 
298 	 299 	 340 	 339 
299 	 300 	 341 	 340 
300 	 301 	 342 	 341 
301 	 302 	 343 	 342 
302 	 303 	 344 	 343 
303 	 304 	 345 	 344 
304 	 305 	 346 	 345 
305 	 306 	 347 	 346 
306 	 307 	 348 	 347 
307 	 308 	 349 	 348 
308 	 309 	 350 	 349 
309 	 310 	 351 	 350 
310 	 311 	 352 	 351 
311 	 312 	 353 	 352 
312 	 313 	 354 	 353 
313 	 314 	 355 	 354 
314 	 315 	 356 	 355 
315 	 316 	 357 	 356 
316 	 317 	 358 	 357 
317 	 318 	 359 	 358 
318 	 319 	 360 	 359 
319 	 320 	 361 	 360 
320 	 321 	 362 	 361 
321 	 322 	 363 	 362 
322 	 323 	 364 	 363 
323 	 324 	 365 	 364 
324 	 325 	 366 	 365 
325 	 326 	 367 	 366 
326 	 327 	 368 	 367 
327 	 328 	 369 	 368 
329 	 330 	 371 	 370 
330 	 331 	 372 	 371 
331 	 332 	 373 	 372 
332 	 333 	 374 	 373 
333 	 334 	 375 	 374 
334 	 335 	 376 	 375 
335 	 336 	 377 	 376 
336 	 337 	 378 	 377 
337 	 338 	 379 	 378 
338 	 339 	 380 	 379 
339 	 340 	 381 	 380 
340 	 341 	 382 	 381 
341 	 342 	 383 	 382 
342 	 343 	 384 	 383 
343 	 344 	 385 	 384 
344 	 345 	 386 	 385 
345 	 346 	 387 	 386 
346 	 347 	 388 	 387 
347 	 348 	 389 	 388 
348 	 349 	 390 	 389 
349 	 350 	 391 	 390 
350 	 351 	 392 	 391 
351 	 352 	 393 	 392 
352 	 353 	 394 	 393 
353 	 354 	 395 	 394 
354 	 355 	 396 	 395 
355 	 356 	 397 	 396 
356 	 357 	 398 	 397 
357 	 358 	 399 	 398 
358 	 359 	 400 	 399 
359 	 360 	 401 	 400 
360 	 361 	 402 	 401 
361 	 362 	 403 	 402 
362 	 363 	 404 	 403 
363 	 364 	 405 	 404 
364 	 365 	 406 	 405 
365 	 366 	 407 	 406 
366 	 367 	 408 	 407 
367 	 368 	 409 	 408 
368 	 369 	 410 	 409 
370 	 371 	 412 	 411 
371 	 372 	 413 	 412 
372 	 373 	 414 	 413 
373 	 374 	 415 	 414 
374 	 375 	 416 	 415 
375 	 376 	 417 	 416 
376 	 377 	 418 	 417 
377 	 378 	 419 	 418 
378 	 379 	 420 	 419 
379 	 380 	 421 	 420 
380 	 381 	 422 	 421 
381 	 382 	 423 	 422 
382 	 383 	 424 	 423 
383 	 384 	 425 	 424 
384 	 385 	 426 	 425 
385 	 386 	 427 	 426 
386 	 387 	 428 	 427 
387 	 388 	 429 	 428 
388 	 389 	 430 	 429 
389 	 390 	 431 	 430 
390 	 391 	 432 	 431 
391 	 392 	 433 	 432 
392 	 393 	 434 	 433 
393 	 394 	 435 	 434 
394 	 395 	 436 	 435 
395 	 396 	 437 	 436 
396 	 397 	 438 	 437 
397 	 398 	 439 	 438 
398 	 399 	 440 	 439 
399 	 400 	 441 	 440 
400 	 401 	 442 	 441 
401 	 402 	 443 	 442 
402 	 403 	 444 	 443 
403 	 404 	 445 	 444 
404 	 405 	 446 	 445 
405 	 406 	 447 	 446 
406 	 407 	 448 	 447 
407 	 408 	 449 	 448 
408 	 409 	 450 	 449 
409 	 410 	 451 	 450 
411 	 412 	 453 	 452 
412 	 413 	 454 	 453 
413 	 414 	 455 	 454 
414 	 415 	 456 	 455 
415 	 416 	 457 	 456 
416 	 417 	 458 	 457 
417 	 418 	 459 	 458 
418 	 419 	 460 	 459 
419 	 420 	 461 	 460 
420 	 421 	 462 	 461 
421 	 422 	 463 	 462 
422 	 423 	 464 	 463 
423 	 424 	 465 	 464 
424 	 425 	 466 	 465 
425 	 426 	 467 	 466 
426 	 427 	 468 	 467 
427 	 428 	 469 	 468 
428 	 429 	 470 	 469 
429 	 430 	 471 	 470 
430 	 431 	 472 	 471 
431 	 432 	 473 	 472 
432 	 433 	 474 	 473 
433 	 434 	 475 	 474 
434 	 435 	 476 	 475 
435 	 436 	 477 	 476 
436 	 437 	 478 	 477 
437 	 438 	 479 	 478 
438 	 439 	 480 	 479 
439 	 440 	 481 	 480 
440 	 441 	 482 	 481 
441 	 442 	 483 	 482 
442 	 443 	 484 	 483 
443 	 444 	 485 	 484 
444 	 445 	 486 	 485 
445 	 446 	 487 	 486 
446 	 447 	 488 	 487 
447 	 448 	 489 	 488 
448 	 449 	 490 	 489 
449 	 450 	 491 	 490 
450 	 451 	 492 	 491 
452 	 453 	 494 	 493 
453 	 454 	 495 	 494 
454 	 455 	 496 	 495 
455 	 456 	 497 	 496 
456 	 457 	 498 	 497 
457 	 458 	 499 	 498 
458 	 459 	 500 	 499 
459 	 460 	 501 	 500 
460 	 461 	 502 	 501 
461 	 462 	 503 	 502 
462 	 463 	 504 	 503 
463 	 464 	 505 	 504 
464 	 465 	 506 	 505 
465 	 466 	 507 	 506 
466 	 467 	 508 	 507 
467 	 468 	 509 	 508 
468 	 469 	 510 	 509 
469 	 470 	 511 	 510 
470 	 471 	 512 	 511 
471 	 472 	 513 	 512 
472 	 473 	 514 	 513 
473 	 474 	 515 	 514 
474 	 475 	 516 	 515 
475 	 476 	 517 	 516 
476 	 477 	 518 	 517 
477 	 478 	 519 	 518 
478 	 479 	 520 	 519 
479 	 480 	 521 	 520 
480 	 481 	 522 	 521 
481 	 482 	 523 	 522 
482 	 483 	 524 	 523 
483 	 484 	 525 	 524 
484 	 485 	 526 	 525 
485 	 486 	 527 	 526 
486 	 487 	 528 	 527 
487 	 488 	 529 	 528 
488 	 489 	 530 	 529 
489 	 490 	 531 	 530 
490 	 491 	 532 	 531 
491 	 492 	 533 	 532 
493 	 494 	 535 	 534 
494 	 495 	 536 	 535 
495 	 496 	 537 	 536 
496 	 497 	 538 	 537 
497 	 498 	 539 	 538 
498 	 499 	 540 	 539 
499 	 500 	 541 	 540 
500 	 501 	 542 	 541 
501 	 502 	 543 	 542 
502 	 503 	 544 	 543 
503 	 504 	 545 	 544 
504 	 505 	 546 	 545 
505 	 506 	 547 	 546 
506 	 507 	 548 	 547 
507 	 508 	 549 	 548 
508 	 509 	 550 	 549 
509 	 510 	 551 	 550 
510 	 511 	 552 	 551 
511 	 512 	 553 	 552 
512 	 513 	 554 	 553 
513 	 514 	 555 	 554 
514 	 515 	 556 	 555 
515 	 516 	 557 	 556 
516 	 517 	 558 	 557 
517 	 518 	 559 	 558 
518 	 519 	 560 	 559 
519 	 520 	 561 	 560 
520 	 521 	 562 	 561 
521 	 522 	 563 	 562 
522 	 523 	 564 	 563 
523 	 524 	 565 	 564 
524 	 525 	 566 	 565 
525 	 526 	 567 	 566 
526 	 527 	 568 	 567 
527 	 528 	 569 	 568 
528 	 529 	 570 	 569 
529 	 530 	 571 	 570 
530 	 531 	 572 	 571 
531 	 532 	 573 	 572 
532 	 533 	 574 	 573 
534 	 535 	 576 	 575 
535 	 536 	 577 	 576 
536 	 537 	 578 	 577 
537 	 538 	 579 	 578 
538 	 539 	 580 	 579 
539 	 540 	 581 	 580 
540 	 541 	 582 	 581 
541 	 542 	 583 	 582 
542 	 543 	 584 	 583 
543 	 544 	 585 	 584 
544 	 545 	 586 	 585 
545 	 546 	 587 	 586 
546 	 547 	 588 	 587 
547 	 548 	 589 	 588 
548 	 549 	 590 	 589 
549 	 550 	 591 	 590 
550 	 551 	 592 	 591 
551 	 552 	 593 	 592 
552 	 553 	 594 	 593 
553 	 554 	 595 	 594 
554 	 555 	 596 	 595 
555 	 556 	 597 	 596 
556 	 557 	 598 	 597 
557 	 558 	 599 	 598 
558 	 559 	 600 	 599 
559 	 560 	 601 	 600 
560 	 561 	 602 	 601 
561 	 562 	 603 	 602 
562 	 563 	 604 	 603 
563 	 564 	 605 	 604 
564 	 565 	 606 	 605 
565 	 566 	 607 	 606 
566 	 567 	 608 	 607 
567 	 568 	 609 	 608 
568 	 569 	 610 	 609 
569 	 570 	 611 	 610 
570 	 571 	 612 	 611 
571 	 572 	 613 	 612 
572 	 573 	 614 	 613 
573 	 574 	 615 	 614 
575 	 576 	 617 	 616 
576 	 577 	 618 	 617 
577 	 578 	 619 	 618 
578 	 579 	 620 	 619 
579 	 580 	 621 	 620 
580 	 581 	 622 	 621 
581 	 582 	 623 	 622 
582 	 583 	 624 	 623 
583 	 584 	 625 	 624 
584 	 585 	 626 	 625 
585 	 586 	 627 	 626 
586 	 587 	 628 	 627 
587 	 588 	 629 	 628 
588 	 589 	 630 	 629 
589 	 590 	 631 	 630 
590 	 591 	 632 	 631 
591 	 592 	 633 	 632 
592 	 593 	 634 	 633 
593 	 594 	 635 	 634 
594 	 595 	 636 	 635 
595 	 596 	 637 	 636 
596 	 597 	 638 	 637 
597 	 598 	 639 	 638 
598 	 599 	 640 	 639 
599 	 600 	 641 	 640 
600 	 601 	 642 	 641 
601 	 602 	 643 	 642 
602 	 603 	 644 	 643 
603 	 604 	 645 	 644 
604 	 605 	 646 	 645 
605 	 606 	 647 	 646 
606 	 607 	 648 	 647 
607 	 608 	 649 	 648 
608 	 609 	 650 	 649 
609 	 610 	 651 	 650 
610 	 611 	 652 	 651 
611 	 612 	 653 	 652 
612 	 613 	 654 	 653 
613 	 614 	 655 	 654 
614 	 615 	 656 	 655 
616 	 617 	 658 	 657 
617 	 618 	 659 	 658 
618 	 619 	 660 	 659 
619 	 620 	 661 	 660 
620 	 621 	 662 	 661 
621 	 622 	 663 	 662 
622 	 623 	 664 	 663 
623 	 624 	 665 	 664 
624 	 625 	 666 	 665 
625 	 626 	 667 	 666 
626 	 627 	 668 	 667 
627 	 628 	 669 	 668 
628 	 629 	 670 	 669 
629 	 630 	 671 	 670 
630 	 631 	 672 	 671 
631 	 632 	 673 	 672 
632 	 633 	 674 	 673 
633 	 634 	 675 	 674 
634 	 635 	 676 	 675 
635 	 636 	 677 	 676 
636 	 637 	 678 	 677 
637 	 638 	 679 	 678 
638 	 639 	 680 	 679 
639 	 640 	 681 	 680 
640 	 641 	 682 	 681 
641 	 642 	 683 	 682 
642 	 643 	 684 	 683 
643 	 644 	 685 	 684 
644 	 645 	 686 	 685 
645 	 646 	 687 	 686 
646 	 647 	 688 	 687 
647 	 648 	 689 	 688 
648 	 649 	 690 	 689 
649 	 650 	 691 	 690 
650 	 651 	 692 	 691 
651 	 652 	 693 	 692 
652 	 653 	 694 	 693 
653 	 654 	 695 	 694 
654 	 655 	 696 	 695 
655 	 656 	 697 	 696 
657 	 658 	 699 	 698 
658 	 659 	 700 	 699 
659 	 660 	 701 	 700 
660 	 661 	 702 	 701 
661 	 662 	 703 	 702 
662 	 663 	 704 	 703 
663 	 664 	 705 	 704 
664 	 665 	 706 	 705 
665 	 666 	 707 	 706 
666 	 667 	 708 	 707 
667 	 668 	 709 	 708 
668 	 669 	 710 	 709 
669 	 670 	 711 	 710 
670 	 671 	 712 	 711 
671 	 672 	 713 	 712 
672 	 673 	 714 	 713 
673 	 674 	 715 	 714 
674 	 675 	 716 	 715 
675 	 676 	 717 	 716 
676 	 677 	 718 	 717 
677 	 678 	 719 	 718 
678 	 679 	 720 	 719 
679 	 680 	 721 	 720 
680 	 681 	 722 	 721 
681 	 682 	 723 	 722 
682 	 683 	 724 	 723 
683 	 684 	 725 	 724 
684 	 685 	 726 	 725 
685 	 686 	 727 	 726 
686 	 687 	 728 	 727 
687 	 688 	 729 	 728 
688 	 689 	 730 	 729 
689 	 690 	 731 	 730 
690 	 691 	 732 	 731 
691 	 692 	 733 	 732 
692 	 693 	 734 	 733 
693 	 694 	 735 	 734 
694 	 695 	 736 	 735 
695 	 696 	 737 	 736 
696 	 697 	 738 	 737 
698 	 699 	 740 	 739 
699 	 700 	 741 	 740 
700 	 701 	 742 	 741 
701 	 702 	 743 	 742 
702 	 703 	 744 	 743 
703 	 704 	 745 	 744 
704 	 705 	 746 	 745 
705 	 706 	 747 	 746 
706 	 707 	 748 	 747 
707 	 708 	 749 	 748 
708 	 709 	 750 	 749 
709 	 710 	 751 	 750 
710 	 711 	 752 	 751 
711 	 712 	 753 	 752 
712 	 713 	 754 	 753 
713 	 714 	 755 	 754 
714 	 715 	 756 	 755 
715 	 716 	 757 	 756 
716 	 717 	 758 	 757 
717 	 718 	 759 	 758 
718 	 719 	 760 	 759 
719 	 720 	 761 	 760 
720 	 721 	 762 	 761 
721 	 722 	 763 	 762 
722 	 723 	 764 	 763 
723 	 724 	 765 	 764 
724 	 725 	 766 	 765 
725 	 726 	 767 	 766 
726 	 727 	 768 	 767 
727 	 728 	 769 	 768 
728 	 729 	 770 	 769 
729 	 730 	 771 	 770 
730 	 731 	 772 	 771 
731 	 732 	 773 	 772 
732 	 733 	 774 	 773 
733 	 734 	 775 	 774 
734 	 735 	 776 	 775 
735 	 736 	 777 	 776 
736 	 737 	 778 	 777 
737 	 738 	 779 	 778 
739 	 740 	 781 	 780 
740 	 741 	 782 	 781 
741 	 742 	 783 	 782 
742 	 743 	 784 	 783 
743 	 744 	 785 	 784 
744 	 745 	 786 	 785 
745 	 746 	 787 	 786 
746 	 747 	 788 	 787 
747 	 748 	 789 	 788 
748 	 749 	 790 	 789 
749 	 750 	 791 	 790 
750 	 751 	 792 	 791 
751 	 752 	 793 	 792 
752 	 753 	 794 	 793 
753 	 754 	 795 	 794 
754 	 755 	 796 	 795 
755 	 756 	 797 	 796 
756 	 757 	 798 	 797 
757 	 758 	 799 	 798 
758 	 759 	 800 	 799 
759 	 760 	 801 	 800 
760 	 761 	 802 	 801 
761 	 762 	 803 	 802 
762 	 763 	 804 	 803 
763 	 764 	 805 	 804 
764 	 765 	 806 	 805 
765 	 766 	 807 	 806 
766 	 767 	 808 	 807 
767 	 768 	 809 	 808 
768 	 769 	 810 	 809 
769 	 770 	 811 	 810 
770 	 771 	 812 	 811 
771 	 772 	 813 	 812 
772 	 773 	 814 	 813 
773 	 774 	 815 	 814 
774 	 775 	 816 	 815 
775 	 776 	 817 	 816 
776 	 777 	 818 	 817 
777 	 778 	 819 	 818 
778 	 779 	 820 	 819 
780 	 781 	 822 	 821 
781 	 782 	 823 	 822 
782 	 783 	 824 	 823 
783 	 784 	 825 	 824 
784 	 785 	 826 	 825 
785 	 786 	 827 	 826 
786 	 787 	 828 	 827 
787 	 788 	 829 	 828 
788 	 789 	 830 	 829 
789 	 790 	 831 	 830 
790 	 791 	 832 	 831 
791 	 792 	 833 	 832 
792 	 793 	 834 	 833 
793 	 794 	 835 	 834 
794 	 795 	 836 	 835 
795 	 796 	 837 	 836 
796 	 797 	 838 	 837 
797 	 798 	 839 	 838 
798 	 799 	 840 	 839 
799 	 800 	 841 	 840 
800 	 801 	 842 	 841 
801 	 802 	 843 	 842 
802 	 803 	 844 	 843 
803 	 804 	 845 	 844 
804 	 805 	 846 	 845 
805 	 806 	 847 	 846 
806 	 807 	 848 	 847 
807 	 808 	 849 	 848 
808 	 809 	 850 	 849 
809 	 810 	 851 	 850 
810 	 811 	 852 	 851 
811 	 812 	 853 	 852 
812 	 813 	 854 	 853 
813 	 814 	 855 	 854 
814 	 815 	 856 	 855 
815 	 816 	 857 	 856 
816 	 817 	 858 	 857 
817 	 818 	 859 	 858 
818 	 819 	 860 	 859 
819 	 820 	 861 	 860 
821 	 822 	 863 	 862 
822 	 823 	 864 	 863 
823 	 824 	 865 	 864 
824 	 825 	 866 	 865 
825 	 826 	 867 	 866 
826 	 827 	 868 	 867 
827 	 828 	 869 	 868 
828 	 829 	 870 	 869 
829 	 830 	 871 	 870 
830 	 831 	 872 	 871 
831 	 832 	 873 	 872 
832 	 833 	 874 	 873 
833 	 834 	 875 	 874 
834 	 835 	 876 	 875 
835 	 836 	 877 	 876 
836 	 837 	 878 	 877 
837 	 838 	 879 	 878 
838 	 839 	 880 	 879 
839 	 840 	 881 	 880 
840 	 841 	 882 	 881 
841 	 842 	 883 	 882 
842 	 843 	 884 	 883 
843 	 844 	 885 	 884 
844 	 845 	 886 	 885 
845 	 846 	 887 	 886 
846 	 847 	 888 	 887 
847 	 848 	 889 	 888 
848 	 849 	 890 	 889 
849 	 850 	 891 	 890 
850 	 851 	 892 	 891 
851 	 852 	 893 	 892 
852 	 853 	 894 	 893 
853 	 854 	 895 	 894 
854 	 855 	 896 	 895 
855 	 856 	 897 	 896 
856 	 857 	 898 	 897 
857 	 858 	 899 	 898 
858 	 859 	 900 	 899 
859 	 860 	 901 	 900 
860 	 861 	 902 	 901 
862 	 863 	 904 	 903 
863 	 864 	 905 	 904 
864 	 865 	 906 	 905 
865 	 866 	 907 	 906 
866 	 867 	 908 	 907 
867 	 868 	 909 	 908 
868 	 869 	 910 	 909 
869 	 870 	 911 	 910 
870 	 871 	 912 	 911 
871 	 872 	 913 	 912 
872 	 873 	 914 	 913 
873 	 874 	 915 	 914 
874 	 875 	 916 	 915 
875 	 876 	 917 	 916 
876 	 877 	 918 	 917 
877 	 878 	 919 	 918 
878 	 879 	 920 	 919 
879 	 880 	 921 	 920 
880 	 881 	 922 	 921 
881 	 882 	 923 	 922 
882 	 883 	 924 	 923 
883 	 884 	 925 	 924 
884 	 885 	 926 	 925 
885 	 886 	 927 	 926 
886 	 887 	 928 	 927 
887 	 888 	 929 	 928 
888 	 889 	 930 	 929 
889 	 890 	 931 	 930 
890 	 891 	 932 	 931 
891 	 892 	 933 	 932 
892 	 893 	 934 	 933 
893 	 894 	 935 	 934 
894 	 895 	 936 	 935 
895 	 896 	 937 	 936 
896 	 897 	 938 	 937 
897 	 898 	 939 	 938 
898 	 899 	 940 	 939 
899 	 900 	 941 	 940 
900 	 901 	 942 	 941 
901 	 902 	 943 	 942 
903 	 904 	 945 	 944 
904 	 905 	 946 	 945 
905 	 906 	 947 	 946 
906 	 907 	 948 	 947 
907 	 908 	 949 	 948 
908 	 909 	 950 	 949 
909 	 910 	 951 	 950 
910 	 911 	 952 	 951 
911 	 912 	 953 	 952 
912 	 913 	 954 	 953 
913 	 914 	 955 	 954 
914 	 915 	 956 	 955 
915 	 916 	 957 	 956 
916 	 917 	 958 	 957 
917 	 918 	 959 	 958 
918 	 919 	 960 	 959 
919 	 920 	 961 	 960 
920 	 921 	 962 	 961 
921 	 922 	 963 	 962 
922 	 923 	 964 	 963 
923 	 924 	 965 	 964 
924 	 925 	 966 	 965 
925 	 926 	 967 	 966 
926 	 927 	 968 	 967 
927 	 928 	 969 	 968 
928 	 929 	 970 	 969 
929 	 930 	 971 	 970 
930 	 931 	 972 	 971 
931 	 932 	 973 	 972 
932 	 933 	 974 	 973 
933 	 934 	 975 	 974 
934 	 935 	 976 	 975 
935 	 936 	 977 	 976 
936 	 937 	 978 	 977 
937 	 938 	 979 	 978 
938 	 939 	 980 	 979 
939 	 940 	 981 	 980 
940 	 941 	 982 	 981 
941 	 942 	 983 	 982 
942 	 943 	 984 	 983 
944 	 945 	 986 	 985 
945 	 946 	 987 	 986 
946 	 947 	 988 	 987 
947 	 948 	 989 	 988 
948 	 949 	 990 	 989 
949 	 950 	 991 	 990 
950 	 951 	 992 	 991 
951 	 952 	 993 	 992 
952 	 953 	 994 	 993 
953 	 954 	 995 	 994 
954 	 955 	 996 	 995 
955 	 956 	 997 	 996 
956 	 957 	 998 	 997 
957 	 958 	 999 	 998 
958 	 959 	 1000 	 999 
959 	 960 	 1001 	 1000 
960 	 961 	 1002 	 1001 
961 	 962 	 1003 	 1002 
962 	 963 	 1004 	 1003 
963 	 964 	 1005 	 1004 
964 	 965 	 1006 	 1005 
965 	 966 	 1007 	 1006 
966 	 967 	 1008 	 1007 
967 	 968 	 1009 	 1008 
968 	 969 	 1010 	 1009 
969 	 970 	 1011 	 1010 
970 	 971 	 1012 	 1011 
971 	 972 	 1013 	 1012 
972 	 973 	 1014 	 1013 
973 	 974 	 1015 	 1014 
974 	 975 	 1016 	 1015 
975 	 976 	 1017 	 1016 
976 	 977 	 1018 	 1017 
977 	 978 	 1019 	 1018 
978 	 979 	 1020 	 1019 
979 	 980 	 1021 	 1020 
980 	 981 	 1022 	 1021 
981 	 982 	 1023 	 1022 
982 	 983 	 1024 	 1023 
983 	 984 	 1025 	 1024 
985 	 986 	 1027 	 1026 
986 	 987 	 1028 	 1027 
987 	 988 	 1029 	 1028 
988 	 989 	 1030 	 1029 
989 	 990 	 1031 	 1030 
990 	 991 	 1032 	 1031 
991 	 992 	 1033 	 1032 
992 	 993 	 1034 	 1033 
993 	 994 	 1035 	 1034 
994 	 995 	 1036 	 1035 
995 	 996 	 1037 	 1036 
996 	 997 	 1038 	 1037 
997 	 998 	 1039 	 1038 
998 	 999 	 1040 	 1039 
999 	 1000 	 1041 	 1040 
1000 	 1001 	 1042 	 1041 
1001 	 1002 	 1043 	 1042 
1002 	 1003 	 1044 	 1043 
1003 	 1004 	 1045 	 1044 
1004 	 1005 	 1046 	 1045 
1005 	 1006 	 1047 	 1046 
1006 	 1007 	 1048 	 1047 
1007 	 1008 	 1049 	 1048 
1008 	 1009 	 1050 	 1049 
1009 	 1010 	 1051 	 1050 
1010 	 1011 	 1052 	 1051 
1011 	 1012 	 1053 	 1052 
1012 	 1013 	 1054 	 1053 
1013 	 1014 	 1055 	 1054 
1014 	 1015 	 1056 	 1055 
1015 	 1016 	 1057 	 1056 
1016 	 1017 	 1058 	 1057 
1017 	 1018 	 1059 	 1058 
1018 	 1019 	 1060 	 1059 
1019 	 1020 	 1061 	 1060 
1020 	 1021 	 1062 	 1061 
1021 	 1022 	 1063 	 1062 
1022 	 1023 	 1064 	 1063 
1023 	 1024 	 1065 	 1064 
1024 	 1025 	 1066 	 1065 
1026 	 1027 	 1068 	 1067 
1027 	 1028 	 1069 	 1068 
1028 	 1029 	 1070 	 1069 
1029 	 1030 	 1071 	 1070 
1030 	 1031 	 1072 	 1071 
1031 	 1032 	 1073 	 1072 
1032 	 1033 	 1074 	 1073 
1033 	 1034 	 1075 	 1074 
1034 	 1035 	 1076 	 1075 
1035 	 1036 	 1077 	 1076 
1036 	 1037 	 1078 	 1077 
1037 	 1038 	 1079 	 1078 
1038 	 1039 	 1080 	 1079 
1039 	 1040 	 1081 	 1080 
1040 	 1041 	 1082 	 1081 
1041 	 1042 	 1083 	 1082 
1042 	 1043 	 1084 	 1083 
1043 	 1044 	 1085 	 1084 
1044 	 1045 	 1086 	 1085 
1045 	 1046 	 1087 	 1086 
1046 	 1047 	 1088 	 1087 
1047 	 1048 	 1089 	 1088 
1048 	 1049 	 1090 	 1089 
1049 	 1050 	 1091 	 1090 
1050 	 1051 	 1092 	 1091 
1051 	 1052 	 1093 	 1092 
1052 	 1053 	 1094 	 1093 
1053 	 1054 	 1095 	 1094 
1054 	 1055 	 1096 	 1095 
1055 	 1056 	 1097 	 1096 
1056 	 1057 	 1098 	 1097 
1057 	 1058 	 1099 	 1098 
1058 	 1059 	 1100 	 1099 
1059 	 1060 	 1101 	 1100 
1060 	 1061 	 1102 	 1101 
1061 	 1062 	 1103 	 1102 
1062 	 1063 	 1104 	 1103 
1063 	 1064 	 1105 	 1104 
1064 	 1065 	 1106 	 1105 
1065 	 1066 	 1107 	 1106 
1067 	 1068 	 1109 	 1108 
1068 	 1069 	 1110 	 1109 
1069 	 1070 	 1111 	 1110 
1070 	 1071 	 1112 	 1111 
1071 	 1072 	 1113 	 1112 
1072 	 1073 	 1114 	 1113 
1073 	 1074 	 1115 	 1114 
1074 	 1075 	 1116 	 1115 
1075 	 1076 	 1117 	 1116 
1076 	 1077 	 1118 	 1117 
1077 	 1078 	 1119 	 1118 
1078 	 1079 	 1120 	 1119 
1079 	 1080 	 1121 	 1120 
1080 	 1081 	 1122 	 1121 
1081 	 1082 	 1123 	 1122 
1082 	 1083 	 1124 	 1123 
1083 	 1084 	 1125 	 1124 
1084 	 1085 	 1126 	 1125 
1085 	 1086 	 1127 	 1126 
1086 	 1087 	 1128 	 1127 
1087 	 1088 	 1129 	 1128 
1088 	 1089 	 1130 	 1129 
1089 	 1090 	 1131 	 1130 
1090 	 1091 	 1132 	 1131 
1091 	 1092 	 1133 	 1132 
1092 	 1093 	 1134 	 1133 
1093 	 1094 	 1135 	 1134 
1094 	 1095 	 1136 	 1135 
1095 	 1096 	 1137 	 1136 
1096 	 1097 	 1138 	 1137 
1097 	 1098 	 1139 	 1138 
1098 	 1099 	 1140 	 1139 
1099 	 1100 	 1141 	 1140 
1100 	 1101 	 1142 	 1141 
1101 	 1102 	 1143 	 1142 
1102 	 1103 	 1144 	 1143 
1103 	 1104 	 1145 	 1144 
1104 	 1105 	 1146 	 1145 
1105 	 1106 	 1147 	 1146 
1106 	 1107 	 1148 	 1147 
1108 	 1109 	 1150 	 1149 
1109 	 1110 	 1151 	 1150 
1110 	 1111 	 1152 	 1151 
1111 	 1112 	 1153 	 1152 
1112 	 1113 	 1154 	 1153 
1113 	 1114 	 1155 	 1154 
1114 	 1115 	 1156 	 1155 
1115 	 1116 	 1157 	 1156 
1116 	 1117 	 1158 	 1157 
1117 	 1118 	 1159 	 1158 
1118 	 1119 	 1160 	 1159 
1119 	 1120 	 1161 	 1160 
1120 	 1121 	 1162 	 1161 
1121 	 1122 	 1163 	 1162 
1122 	 1123 	 1164 	 1163 
1123 	 1124 	 1165 	 1164 
1124 	 1125 	 1166 	 1165 
1125 	 1126 	 1167 	 1166 
1126 	 1127 	 1168 	 1167 
1127 	 1128 	 1169 	 1168 
1128 	 1129 	 1170 	 1169 
1129 	 1130 	 1171 	 1170 
1130 	 1131 	 1172 	 1171 
1131 	 1132 	 1173 	 1172 
1132 	 1133 	 1174 	 1173 
1133 	 1134 	 1175 	 1174 
1134 	 1135 	 1176 	 1175 
1135 	 1136 	 1177 	 1176 
1136 	 1137 	 1178 	 1177 
1137 	 1138 	 1179 	 1178 
1138 	 1139 	 1180 	 1179 
1139 	 1140 	 1181 	 1180 
1140 	 1141 	 1182 	 1181 
1141 	 1142 	 1183 	 1182 
1142 	 1143 	 1184 	 1183 
1143 	 1144 	 1185 	 1184 
1144 	 1145 	 1186 	 1185 
1145 	 1146 	 1187 	 1186 
1146 	 1147 	 1188 	 1187 
1147 	 1148 	 1189 	 1188 
1149 	 1150 	 1191 	 1190 
1150 	 1151 	 1192 	 1191 
1151 	 1152 	 1193 	 1192 
1152 	 1153 	 1194 	 1193 
1153 	 1154 	 1195 	 1194 
1154 	 1155 	 1196 	 1195 
1155 	 1156 	 1197 	 1196 
1156 	 1157 	 1198 	 1197 
1157 	 1158 	 1199 	 1198 
1158 	 1159 	 1200 	 1199 
1159 	 1160 	 1201 	 1200 
1160 	 1161 	 1202 	 1201 
1161 	 1162 	 1203 	 1202 
1162 	 1163 	 1204 	 1203 
1163 	 1164 	 1205 	 1204 
1164 	 1165 	 1206 	 1205 
1165 	 1166 	 1207 	 1206 
1166 	 1167 	 1208 	 1207 
1167 	 1168 	 1209 	 1208 
1168 	 1169 	 1210 	 1209 
1169 	 1170 	 1211 	 1210 
1170 	 1171 	 1212 	 1211 
1171 	 1172 	 1213 	 1212 
1172 	 1173 	 1214 	 1213 
1173 	 1174 	 1215 	 1214 
1174 	 1175 	 1216 	 1215 
1175 	 1176 	 1217 	 1216 
1176 	 1177 	 1218 	 1217 
1177 	 1178 	 1219 	 1218 
1178 	 1179 	 1220 	 1219 
1179 	 1180 	 1221 	 1220 
1180 	 1181 	 1222 	 1221 
1181 	 1182 	 1223 	 1222 
1182 	 1183 	 1224 	 1223 
1183 	 1184 	 1225 	 1224 
1184 	 1185 	 1226 	 1225 
1185 	 1186 	 1227 	 1226 
1186 	 1187 	 1228 	 1227 
1187 	 1188 	 1229 	 1228 
1188 	 1189 	 1230 	 1229 
1190 	 1191 	 1232 	 1231 
1191 	 1192 	 1233 	 1232 
1192 	 1193 	 1234 	 1233 
1193 	 1194 	 1235 	 1234 
1194 	 1195 	 1236 	 1235 
1195 	 1196 	 1237 	 1236 
1196 	 1197 	 1238 	 1237 
1197 	 1198 	 1239 	 1238 
1198 	 1199 	 1240 	 1239 
1199 	 1200 	 1241 	 1240 
1200 	 1201 	 1242 	 1241 
1201 	 1202 	 1243 	 1242 
1202 	 1203 	 1244 	 1243 
1203 	 1204 	 1245 	 1244 
1204 	 1205 	 1246 	 1245 
1205 	 1206 	 1247 	 1246 
1206 	 1207 	 1248 	 1247 
1207 	 1208 	 1249 	 1248 
1208 	 1209 	 1250 	 1249 
1209 	 1210 	 1251 	 1250 
1210 	 1211 	 1252 	 1251 
1211 	 1212 	 1253 	 1252 
1212 	 1213 	 1254 	 1253 
1213 	 1214 	 1255 	 1254 
1214 	 1215 	 1256 	 1255 
1215 	 1216 	 1257 	 1256 
1216 	 1217 	 1258 	 1257 
1217 	 1218 	 1259 	 1258 
1218 	 1219 	 1260 	 1259 
1219 	 1220 	 1261 	 1260 
1220 	 1221 	 1262 	 1261 
1221 	 1222 	 1263 	 1262 
1222 	 1223 	 1264 	 1263 
1223 	 1224 	 1265 	 1264 
1224 	 1225 	 1266 	 1265 
1225 	 1226 	 1267 	 1266 
1226 	 1227 	 1268 	 1267 
1227 	 1228 	 1269 	 1268 
1228 	 1229 	 1270 	 1269 
1229 	 1230 	 1271 	 1270