     0.0000000000000 	     20.0000000000000 
     0.7851963151814 	     19.9845807248145 
     1.5691819145569 	     19.9383466746626 
     2.3507479491568 	     19.8613691390985 
     3.1286893008046 	     19.7537668119028 
     3.9018064403226 	     19.6157056080646 
     4.6689072771181 	     19.4473984079535 
     5.4288089973015 	     19.2491047290729 
     6.1803398874989 	     19.0211303259031 
     6.9223411415499 	     18.7638267184497 
     7.6536686473018 	     18.4775906502257 
     8.3731947507486 	     18.1628634765016 
     9.0798099947909 	     17.8201304837674 
     9.7724248299391 	     17.4499201414559 
    10.4499712943190 	     17.0528032870818 
    11.1114046603920 	     16.6293922460509 
    11.7557050458495 	     16.1803398874989 
    12.3818789861967 	     15.7063386176149 
    12.9889609666037 	     15.2081193120006 
    13.5760149106588 	     14.6864501887137 
    14.1421356237309 	     14.1421356237310 
    14.6864501887137 	     13.5760149106588 
    15.2081193120006 	     12.9889609666037 
    15.7063386176149 	     12.3818789861967 
    16.1803398874989 	     11.7557050458495 
    16.6293922460509 	     11.1114046603920 
    17.0528032870818 	     10.4499712943190 
    17.4499201414559 	      9.7724248299391 
    17.8201304837674 	      9.0798099947909 
    18.1628634765016 	      8.3731947507486 
    18.4775906502257 	      7.6536686473018 
    18.7638267184497 	      6.9223411415499 
    19.0211303259031 	      6.1803398874989 
    19.2491047290729 	      5.4288089973015 
    19.4473984079535 	      4.6689072771181 
    19.6157056080646 	      3.9018064403226 
    19.7537668119028 	      3.1286893008046 
    19.8613691390985 	      2.3507479491568 
    19.9383466746626 	      1.5691819145569 
    19.9845807248145 	      0.7851963151814 
    20.0000000000000 	      0.0000000000000 
     0.0000000000000 	     21.0000000000000 
     0.8245066163548 	     20.9850947006540 
     1.6480453621127 	     20.9404017855071 
     2.4696526835861 	     20.8659901677952 
     3.2883737246520 	     20.7619745848393 
     4.1032668379446 	     20.6285154211291 
     4.9134082996810 	     20.4658184610217 
     5.7178973112284 	     20.2741345714372 
     6.5158613849705 	     20.0537593150396 
     7.3064622320146 	     19.8050324945014 
     8.0889022963469 	     19.5283376285515 
     8.8624321164358 	     19.2241013606182 
     9.6263587441220 	     18.8927928009751 
    10.3800555163979 	     18.5349228034074 
    11.1229735647416 	     18.1510431775125 
    11.8546555682445 	     17.7417458378492 
    12.5747524243301 	     17.3076618912490 
    13.2830437442986 	     16.8494606636944 
    13.9794634101560 	     16.3678486682673 
    14.6641318997339 	     15.8635685157566 
    15.3373977696066 	     15.3373977696066 
    15.8635685157566 	     14.6641318997339 
    16.3678486682673 	     13.9794634101560 
    16.8494606636944 	     13.2830437442986 
    17.3076618912490 	     12.5747524243301 
    17.7417458378492 	     11.8546555682445 
    18.1510431775124 	     11.1229735647416 
    18.5349228034074 	     10.3800555163979 
    18.8927928009751 	      9.6263587441220 
    19.2241013606182 	      8.8624321164358 
    19.5283376285515 	      8.0889022963469 
    19.8050324945014 	      7.3064622320146 
    20.0537593150396 	      6.5158613849705 
    20.2741345714372 	      5.7178973112284 
    20.4658184610217 	      4.9134082996810 
    20.6285154211291 	      4.1032668379446 
    20.7619745848393 	      3.2883737246520 
    20.8659901677952 	      2.4696526835861 
    20.9404017855071 	      1.6480453621127 
    20.9850947006540 	      0.8245066163548 
    21.0000000000000 	      0.0000000000000 
     0.0000000000000 	     22.0000000000000 
     0.8638169175282 	     21.9856086764935 
     1.7269088096685 	     21.9424568963517 
     2.5885574180155 	     21.8706111964920 
     3.4480581484994 	     21.7701823577759 
     4.3047272355666 	     21.6413252341936 
     5.1579093222440 	     21.4842385140900 
     6.0069856251552 	     21.2991644138014 
     6.8513828824420 	     21.0863883041762 
     7.6905833224793 	     20.8462382705530 
     8.5241359453920 	     20.5790846068774 
     9.3516694821231 	     20.2853392447348 
    10.1729074934530 	     19.9654551181829 
    10.9876862028567 	     19.6199254653589 
    11.7959758351642 	     19.2492830679431 
    12.5979064760969 	     18.8540994296475 
    13.3937998028107 	     18.4349838949990 
    14.1842085024005 	     17.9925827097739 
    14.9699658537083 	     17.5275780245339 
    15.7522488888089 	     17.0406868427995 
    16.5326599154822 	     16.5326599154822 
    17.0406868427995 	     15.7522488888089 
    17.5275780245339 	     14.9699658537083 
    17.9925827097739 	     14.1842085024005 
    18.4349838949990 	     13.3937998028107 
    18.8540994296475 	     12.5979064760969 
    19.2492830679431 	     11.7959758351642 
    19.6199254653589 	     10.9876862028568 
    19.9654551181829 	     10.1729074934530 
    20.2853392447348 	      9.3516694821231 
    20.5790846068774 	      8.5241359453920 
    20.8462382705530 	      7.6905833224793 
    21.0863883041762 	      6.8513828824420 
    21.2991644138014 	      6.0069856251552 
    21.4842385140900 	      5.1579093222440 
    21.6413252341936 	      4.3047272355666 
    21.7701823577759 	      3.4480581484994 
    21.8706111964920 	      2.5885574180155 
    21.9424568963517 	      1.7269088096685 
    21.9856086764935 	      0.8638169175282 
    22.0000000000000 	      0.0000000000000 
     0.0000000000000 	     23.0000000000000 
     0.9031272187016 	     22.9861226523330 
     1.8057722572243 	     22.9445120071963 
     2.7074621524449 	     22.8752322251887 
     3.6077425723468 	     22.7783901307125 
     4.5061876331886 	     22.6541350472581 
     5.4024103448069 	     22.5026585671582 
     6.2960739390821 	     22.3241942561657 
     7.1869043799136 	     22.1190172933128 
     8.0747044129440 	     21.8874440466047 
     8.9593695944371 	     21.6298315852032 
     9.8409068478103 	     21.3465771288515 
    10.7194562427840 	     21.0381174353906 
    11.5953168893156 	     20.7049281273103 
    12.4689781055867 	     20.3475229583737 
    13.3411573839493 	     19.9664530214458 
    14.2128471812913 	     19.5623058987491 
    15.0853732605025 	     19.1357047558534 
    15.9604682972606 	     18.6873073808006 
    16.8403658778840 	     18.2178051698423 
    17.7279220613579 	     17.7279220613579 
    18.2178051698423 	     16.8403658778840 
    18.6873073808006 	     15.9604682972606 
    19.1357047558534 	     15.0853732605025 
    19.5623058987491 	     14.2128471812913 
    19.9664530214458 	     13.3411573839493 
    20.3475229583737 	     12.4689781055867 
    20.7049281273103 	     11.5953168893156 
    21.0381174353906 	     10.7194562427840 
    21.3465771288515 	      9.8409068478103 
    21.6298315852032 	      8.9593695944371 
    21.8874440466047 	      8.0747044129440 
    22.1190172933128 	      7.1869043799136 
    22.3241942561657 	      6.2960739390821 
    22.5026585671582 	      5.4024103448069 
    22.6541350472581 	      4.5061876331886 
    22.7783901307125 	      3.6077425723468 
    22.8752322251887 	      2.7074621524449 
    22.9445120071963 	      1.8057722572243 
    22.9861226523330 	      0.9031272187016 
    23.0000000000000 	      0.0000000000000 
     0.0000000000000 	     24.0000000000000 
     0.9424375198750 	     23.9866366281725 
     1.8846357047801 	     23.9465671180409 
     2.8263668868743 	     23.8798532538854 
     3.7674269961942 	     23.7865979036491 
     4.7076480308106 	     23.6669448603227 
     5.6469113673698 	     23.5210786202264 
     6.5851622530090 	     23.3492240985299 
     7.5224258773851 	     23.1516462824493 
     8.4588255034087 	     22.9286498226564 
     9.3946032434822 	     22.6805785635290 
    10.3301442134975 	     22.4078150129681 
    11.2660049921150 	     22.1107797525984 
    12.2029475757744 	     21.7899307892618 
    13.1419803760093 	     21.4457628488043 
    14.0844082918018 	     21.0788066132441 
    15.0318945597719 	     20.6896279024991 
    15.9865380186044 	     20.2788268019329 
    16.9509707408130 	     19.8470367370672 
    17.9284828669590 	     19.3949234968852 
    18.9231842072335 	     18.9231842072335 
    19.3949234968852 	     17.9284828669590 
    19.8470367370672 	     16.9509707408130 
    20.2788268019329 	     15.9865380186044 
    20.6896279024991 	     15.0318945597719 
    21.0788066132441 	     14.0844082918018 
    21.4457628488043 	     13.1419803760093 
    21.7899307892618 	     12.2029475757744 
    22.1107797525984 	     11.2660049921150 
    22.4078150129681 	     10.3301442134975 
    22.6805785635290 	      9.3946032434822 
    22.9286498226564 	      8.4588255034087 
    23.1516462824493 	      7.5224258773851 
    23.3492240985299 	      6.5851622530090 
    23.5210786202264 	      5.6469113673698 
    23.6669448603227 	      4.7076480308106 
    23.7865979036491 	      3.7674269961942 
    23.8798532538854 	      2.8263668868743 
    23.9465671180409 	      1.8846357047801 
    23.9866366281725 	      0.9424375198750 
    24.0000000000000 	      0.0000000000000 
     0.0000000000000 	     25.0000000000000 
     0.9817478210484 	     24.9871506040120 
     1.9634991523359 	     24.9486222288855 
     2.9452716213037 	     24.8844742825821 
     3.9271114200417 	     24.7948056765856 
     4.9091084284326 	     24.6797546733872 
     5.8914123899327 	     24.5394986732946 
     6.8742505669358 	     24.3742539408941 
     7.8579473748567 	     24.1842752715859 
     8.8429465938734 	     23.9698555987081 
     9.8298368925273 	     23.7313255418548 
    10.8193815791848 	     23.4690528970847 
    11.8125537414460 	     23.1834420698061 
    12.8105782622332 	     22.8749334512133 
    13.8149826464319 	     22.5440027392349 
    14.8276591996542 	     22.1911602050424 
    15.8509419382526 	     21.8169499062491 
    16.8877027767063 	     21.4219488480124 
    17.9414731843653 	     21.0067660933339 
    19.0165998560341 	     20.5720418239281 
    20.1184463531091 	     20.1184463531091 
    20.5720418239281 	     19.0165998560341 
    21.0067660933339 	     17.9414731843653 
    21.4219488480124 	     16.8877027767063 
    21.8169499062491 	     15.8509419382526 
    22.1911602050424 	     14.8276591996542 
    22.5440027392349 	     13.8149826464319 
    22.8749334512133 	     12.8105782622332 
    23.1834420698061 	     11.8125537414460 
    23.4690528970847 	     10.8193815791848 
    23.7313255418548 	      9.8298368925273 
    23.9698555987081 	      8.8429465938734 
    24.1842752715859 	      7.8579473748567 
    24.3742539408941 	      6.8742505669358 
    24.5394986732946 	      5.8914123899327 
    24.6797546733872 	      4.9091084284326 
    24.7948056765856 	      3.9271114200417 
    24.8844742825821 	      2.9452716213037 
    24.9486222288855 	      1.9634991523359 
    24.9871506040120 	      0.9817478210484 
    25.0000000000000 	      0.0000000000000 
     0.0000000000000 	     26.0000000000000 
     1.0210581222218 	     25.9876645798516 
     2.0423625998917 	     25.9506773397300 
     3.0641763557331 	     25.8890953112788 
     4.0867958438891 	     25.8030134495222 
     5.1105688260546 	     25.6925644864517 
     6.1359134124956 	     25.5579187263628 
     7.1633388808627 	     25.3992837832584 
     8.1934688723282 	     25.2169042607225 
     9.2270676843382 	     25.0110613747597 
    10.2650705415724 	     24.7820725201806 
    11.3086189448720 	     24.5302907812013 
    12.3591024907770 	     24.2561043870139 
    13.4182089486920 	     23.9599361131648 
    14.4879849168545 	     23.6422426296655 
    15.5709101075066 	     23.3035137968407 
    16.6699893167332 	     22.9442719099992 
    17.7888675348083 	     22.5650708940919 
    18.9319756279176 	     22.1664954496005 
    20.1047168451091 	     21.7491601509710 
    21.3137084989848 	     21.3137084989848 
    21.7491601509710 	     20.1047168451091 
    22.1664954496005 	     18.9319756279176 
    22.5650708940919 	     17.7888675348083 
    22.9442719099992 	     16.6699893167332 
    23.3035137968407 	     15.5709101075066 
    23.6422426296655 	     14.4879849168545 
    23.9599361131648 	     13.4182089486920 
    24.2561043870139 	     12.3591024907770 
    24.5302907812013 	     11.3086189448720 
    24.7820725201806 	     10.2650705415724 
    25.0110613747597 	      9.2270676843382 
    25.2169042607225 	      8.1934688723282 
    25.3992837832584 	      7.1633388808627 
    25.5579187263628 	      6.1359134124956 
    25.6925644864517 	      5.1105688260546 
    25.8030134495222 	      4.0867958438891 
    25.8890953112788 	      3.0641763557331 
    25.9506773397300 	      2.0423625998917 
    25.9876645798516 	      1.0210581222218 
    26.0000000000000 	      0.0000000000000 
     0.0000000000000 	     27.0000000000000 
     1.0603684233952 	     26.9881785556911 
     2.1212260474475 	     26.9527324505746 
     3.1830810901625 	     26.8937163399755 
     4.2464802677365 	     26.8112212224588 
     5.3120292236766 	     26.7053742995162 
     6.3804144350586 	     26.5763387794310 
     7.4524271947896 	     26.4243136256226 
     8.5289903697998 	     26.2495332498590 
     9.6111887748029 	     26.0522671508114 
    10.7003041906175 	     25.8328194985064 
    11.7978563105593 	     25.5915286653179 
    12.9056512401081 	     25.3287667042216 
    14.0258396351509 	     25.0449387751162 
    15.1609871872771 	     24.7404825200961 
    16.3141610153591 	     24.4158673886390 
    17.4890366952138 	     24.0715939137492 
    18.6900322929102 	     23.7081929401714 
    19.9224780714699 	     23.3262248058671 
    21.1928338341842 	     22.9262784780138 
    22.5089706448604 	     22.5089706448604 
    22.9262784780138 	     21.1928338341842 
    23.3262248058671 	     19.9224780714699 
    23.7081929401714 	     18.6900322929102 
    24.0715939137492 	     17.4890366952138 
    24.4158673886390 	     16.3141610153591 
    24.7404825200961 	     15.1609871872771 
    25.0449387751162 	     14.0258396351509 
    25.3287667042216 	     12.9056512401081 
    25.5915286653179 	     11.7978563105593 
    25.8328194985064 	     10.7003041906175 
    26.0522671508114 	      9.6111887748029 
    26.2495332498590 	      8.5289903697998 
    26.4243136256226 	      7.4524271947896 
    26.5763387794310 	      6.3804144350586 
    26.7053742995162 	      5.3120292236766 
    26.8112212224588 	      4.2464802677365 
    26.8937163399755 	      3.1830810901625 
    26.9527324505746 	      2.1212260474475 
    26.9881785556911 	      1.0603684233952 
    27.0000000000000 	      0.0000000000000 
     0.0000000000000 	     28.0000000000000 
     1.0996787245686 	     27.9886925315306 
     2.2000894950033 	     27.9547875614192 
     3.3019858245919 	     27.8983373686723 
     4.4061646915839 	     27.8194289953954 
     5.5134896212987 	     27.7181841125807 
     6.6249154576215 	     27.5947588324993 
     7.7415155087165 	     27.4493434679868 
     8.8645118672713 	     27.2821622389956 
     9.9953098652676 	     27.0934729268631 
    11.1355378396626 	     26.8835664768322 
    12.2870936762465 	     26.6527665494345 
    13.4521999894391 	     26.4014290214294 
    14.6334703216097 	     26.1299414370677 
    15.8339894576997 	     25.8387224105267 
    17.0574119232115 	     25.5282209804373 
    18.3080840736944 	     25.1989159174992 
    19.5911970510121 	     24.8513149862509 
    20.9129805150223 	     24.4859541621338 
    22.2809508232592 	     24.1033968050567 
    23.7042327907360 	     23.7042327907360 
    24.1033968050567 	     22.2809508232592 
    24.4859541621338 	     20.9129805150223 
    24.8513149862509 	     19.5911970510121 
    25.1989159174992 	     18.3080840736944 
    25.5282209804373 	     17.0574119232115 
    25.8387224105267 	     15.8339894576997 
    26.1299414370677 	     14.6334703216097 
    26.4014290214294 	     13.4521999894391 
    26.6527665494345 	     12.2870936762465 
    26.8835664768322 	     11.1355378396626 
    27.0934729268631 	      9.9953098652676 
    27.2821622389956 	      8.8645118672713 
    27.4493434679868 	      7.7415155087165 
    27.5947588324993 	      6.6249154576215 
    27.7181841125807 	      5.5134896212987 
    27.8194289953954 	      4.4061646915839 
    27.8983373686723 	      3.3019858245919 
    27.9547875614192 	      2.2000894950033 
    27.9886925315306 	      1.0996787245686 
    28.0000000000000 	      0.0000000000000 
     0.0000000000000 	     29.0000000000000 
     1.1389890257420 	     28.9892065073701 
     2.2789529425591 	     28.9568426722638 
     3.4208905590212 	     28.9029583973690 
     4.5658491154313 	     28.8276367683319 
     5.7149500189207 	     28.7309939256452 
     6.8694164801844 	     28.6131788855675 
     8.0306038226433 	     28.4743733103511 
     9.2000333647429 	     28.3147912281321 
    10.3794309557323 	     28.1346787029148 
    11.5707714887077 	     27.9343134551580 
    12.7763310419338 	     27.7140044335511 
    13.9987487387701 	     27.4740913386372 
    15.2411010080685 	     27.2149440990192 
    16.5069917281223 	     26.9369623009573 
    17.8006628310639 	     26.6405745722356 
    19.1271314521750 	     26.3262379212493 
    20.4923618091141 	     25.9944370323304 
    21.9034829585746 	     25.6456835184004 
    23.3690678123343 	     25.2805151320996 
    24.8994949366117 	     24.8994949366117 
    25.2805151320996 	     23.3690678123343 
    25.6456835184004 	     21.9034829585746 
    25.9944370323304 	     20.4923618091141 
    26.3262379212493 	     19.1271314521750 
    26.6405745722356 	     17.8006628310639 
    26.9369623009573 	     16.5069917281223 
    27.2149440990192 	     15.2411010080685 
    27.4740913386371 	     13.9987487387701 
    27.7140044335511 	     12.7763310419338 
    27.9343134551580 	     11.5707714887077 
    28.1346787029148 	     10.3794309557323 
    28.3147912281321 	      9.2000333647429 
    28.4743733103511 	      8.0306038226433 
    28.6131788855675 	      6.8694164801844 
    28.7309939256452 	      5.7149500189207 
    28.8276367683319 	      4.5658491154313 
    28.9029583973690 	      3.4208905590212 
    28.9568426722638 	      2.2789529425591 
    28.9892065073701 	      1.1389890257420 
    29.0000000000000 	      0.0000000000000 
     0.0000000000000 	     30.0000000000000 
     1.1782993269154 	     29.9897204832096 
     2.3578163901149 	     29.9588977831084 
     3.5397952934506 	     29.9075794260657 
     4.7255335392787 	     29.8358445412685 
     5.9164104165427 	     29.7438037387097 
     7.1139175027473 	     29.6315989386357 
     8.3196921365702 	     29.4994031527153 
     9.5355548622144 	     29.3474202172687 
    10.7635520461970 	     29.1758844789665 
    12.0060051377528 	     28.9850604334838 
    13.2655684076210 	     28.7752423176678 
    14.5452974881011 	     28.5467536558449 
    15.8487316945273 	     28.2999467609706 
    17.1799939985448 	     28.0352021913879 
    18.5439137389163 	     27.7529281640339 
    19.9461788306557 	     27.4535599249993 
    21.3935265672160 	     27.1375590784099 
    22.8939854021269 	     26.8054128746671 
    24.4571848014093 	     26.4576334591425 
    26.0947570824873 	     26.0947570824873 
    26.4576334591425 	     24.4571848014093 
    26.8054128746671 	     22.8939854021269 
    27.1375590784099 	     21.3935265672160 
    27.4535599249993 	     19.9461788306557 
    27.7529281640339 	     18.5439137389163 
    28.0352021913879 	     17.1799939985449 
    28.2999467609706 	     15.8487316945273 
    28.5467536558449 	     14.5452974881011 
    28.7752423176678 	     13.2655684076210 
    28.9850604334838 	     12.0060051377528 
    29.1758844789665 	     10.7635520461970 
    29.3474202172687 	      9.5355548622144 
    29.4994031527153 	      8.3196921365702 
    29.6315989386357 	      7.1139175027473 
    29.7438037387097 	      5.9164104165427 
    29.8358445412685 	      4.7255335392787 
    29.9075794260657 	      3.5397952934506 
    29.9588977831084 	      2.3578163901149 
    29.9897204832096 	      1.1782993269154 
    30.0000000000000 	      0.0000000000000 
     0.0000000000000 	     31.0000000000000 
     1.2176096280888 	     30.9902344590492 
     2.4366798376707 	     30.9609528939530 
     3.6587000278800 	     30.9122004547624 
     4.8852179631261 	     30.8440523142051 
     6.1178708141647 	     30.7566135517743 
     7.3584185253103 	     30.6500189917039 
     8.6087804504971 	     30.5244329950795 
     9.8710763596859 	     30.3800492064053 
    11.1476731366617 	     30.2170902550181 
    12.4412387867979 	     30.0358074118096 
    13.7548057733083 	     29.8364802017844 
    15.0918462374321 	     29.6194159730527 
    16.4563623809862 	     29.3849494229221 
    17.8529962689674 	     29.1334420818185 
    19.2871646467688 	     28.8652817558322 
    20.7652262091363 	     28.5808819287493 
    22.2946913253179 	     28.2806811244894 
    23.8844878456792 	     27.9651422309337 
    25.5453017904844 	     27.6347517861854 
    27.2900192283629 	     27.2900192283629 
    27.6347517861854 	     25.5453017904844 
    27.9651422309337 	     23.8844878456792 
    28.2806811244894 	     22.2946913253179 
    28.5808819287493 	     20.7652262091363 
    28.8652817558322 	     19.2871646467688 
    29.1334420818185 	     17.8529962689674 
    29.3849494229221 	     16.4563623809862 
    29.6194159730527 	     15.0918462374321 
    29.8364802017844 	     13.7548057733083 
    30.0358074118096 	     12.4412387867979 
    30.2170902550181 	     11.1476731366617 
    30.3800492064053 	      9.8710763596859 
    30.5244329950795 	      8.6087804504971 
    30.6500189917039 	      7.3584185253103 
    30.7566135517743 	      6.1178708141647 
    30.8440523142051 	      4.8852179631261 
    30.9122004547624 	      3.6587000278800 
    30.9609528939530 	      2.4366798376707 
    30.9902344590492 	      1.2176096280888 
    31.0000000000000 	      0.0000000000000 
     0.0000000000000 	     32.0000000000000 
     1.2569199292622 	     31.9907484348887 
     2.5155432852265 	     31.9630080047975 
     3.7776047623094 	     31.9168214834591 
     5.0449023869735 	     31.8522600871417 
     6.3193312117867 	     31.7694233648388 
     7.6029195478732 	     31.6684390447721 
     8.8978687644240 	     31.5494628374438 
    10.2065978571575 	     31.4126781955418 
    11.5317942271265 	     31.2582960310698 
    12.8764724358430 	     31.0865543901354 
    14.2440431389955 	     30.8977180859010 
    15.6383949867631 	     30.6920782902604 
    17.0639930674450 	     30.4699520848736 
    18.5259985393900 	     30.2316819722491 
    20.0304155546212 	     29.9776353476305 
    21.5842735876169 	     29.7082039324994 
    23.1958560834199 	     29.4238031705689 
    24.8749902892315 	     29.1248715872004 
    26.6334187795594 	     28.8118701132282 
    28.4852813742386 	     28.4852813742386 
    28.8118701132282 	     26.6334187795594 
    29.1248715872004 	     24.8749902892315 
    29.4238031705689 	     23.1958560834199 
    29.7082039324994 	     21.5842735876169 
    29.9776353476305 	     20.0304155546212 
    30.2316819722491 	     18.5259985393900 
    30.4699520848736 	     17.0639930674450 
    30.6920782902604 	     15.6383949867631 
    30.8977180859010 	     14.2440431389955 
    31.0865543901354 	     12.8764724358430 
    31.2582960310698 	     11.5317942271265 
    31.4126781955418 	     10.2065978571575 
    31.5494628374438 	      8.8978687644240 
    31.6684390447721 	      7.6029195478732 
    31.7694233648388 	      6.3193312117867 
    31.8522600871417 	      5.0449023869735 
    31.9168214834591 	      3.7776047623094 
    31.9630080047975 	      2.5155432852265 
    31.9907484348887 	      1.2569199292622 
    32.0000000000000 	      0.0000000000000 
     0.0000000000000 	     33.0000000000000 
     1.2962302304356 	     32.9912624107282 
     2.5944067327823 	     32.9650631156421 
     3.8965094967388 	     32.9214425121558 
     5.2045868108209 	     32.8604678600782 
     6.5207916094087 	     32.7822331779033 
     7.8474205704361 	     32.6868590978403 
     9.1869570783508 	     32.5744926798080 
    10.5421193546290 	     32.4453071846784 
    11.9159153175912 	     32.2995018071215 
    13.3117060848881 	     32.1373013684613 
    14.7332805046827 	     31.9589559700176 
    16.1849437360942 	     31.7647406074682 
    17.6716237539038 	     31.5549547468250 
    19.1990008098126 	     31.3299218626797 
    20.7736664624736 	     31.0899889394288 
    22.4033209660975 	     30.8355259362494 
    24.0970208415218 	     30.5669252166484 
    25.8654927327839 	     30.2846009434670 
    27.7215357686345 	     29.9889884402711 
    29.6805435201142 	     29.6805435201142 
    29.9889884402711 	     27.7215357686345 
    30.2846009434670 	     25.8654927327839 
    30.5669252166484 	     24.0970208415218 
    30.8355259362494 	     22.4033209660975 
    31.0899889394288 	     20.7736664624736 
    31.3299218626797 	     19.1990008098126 
    31.5549547468250 	     17.6716237539038 
    31.7647406074682 	     16.1849437360942 
    31.9589559700176 	     14.7332805046827 
    32.1373013684613 	     13.3117060848881 
    32.2995018071215 	     11.9159153175912 
    32.4453071846784 	     10.5421193546290 
    32.5744926798080 	      9.1869570783508 
    32.6868590978403 	      7.8474205704361 
    32.7822331779033 	      6.5207916094087 
    32.8604678600782 	      5.2045868108209 
    32.9214425121558 	      3.8965094967388 
    32.9650631156421 	      2.5944067327823 
    32.9912624107282 	      1.2962302304356 
    33.0000000000000 	      0.0000000000000 
     0.0000000000000 	     34.0000000000000 
     1.3355405316090 	     33.9917763865677 
     2.6732701803381 	     33.9671182264867 
     4.0154142311682 	     33.9260635408525 
     5.3642712346683 	     33.8686756330148 
     6.7222520070307 	     33.7950429909678 
     8.0919215929990 	     33.7052791509085 
     9.4760453922777 	     33.5995225221722 
    10.8776408521006 	     33.4779361738150 
    12.3000364080559 	     33.3407075831732 
    13.7469397339332 	     33.1880483467871 
    15.2225178703700 	     33.0201938541342 
    16.7314924854252 	     32.8374029246759 
    18.2792544403626 	     32.6399574087765 
    19.8720030802352 	     32.4281617531103 
    21.5169173703261 	     32.2023425312271 
    23.2223683445781 	     31.9628479399994 
    24.9981855996237 	     31.7100472627280 
    26.8559951763362 	     31.4443302997337 
    28.8096527577095 	     31.1661067673140 
    30.8758056659898 	     30.8758056659898 
    31.1661067673140 	     28.8096527577095 
    31.4443302997337 	     26.8559951763362 
    31.7100472627279 	     24.9981855996237 
    31.9628479399994 	     23.2223683445781 
    32.2023425312271 	     21.5169173703261 
    32.4281617531103 	     19.8720030802352 
    32.6399574087765 	     18.2792544403626 
    32.8374029246759 	     16.7314924854252 
    33.0201938541342 	     15.2225178703700 
    33.1880483467871 	     13.7469397339332 
    33.3407075831732 	     12.3000364080559 
    33.4779361738150 	     10.8776408521006 
    33.5995225221722 	      9.4760453922777 
    33.7052791509085 	      8.0919215929990 
    33.7950429909678 	      6.7222520070307 
    33.8686756330148 	      5.3642712346683 
    33.9260635408525 	      4.0154142311682 
    33.9671182264867 	      2.6732701803381 
    33.9917763865677 	      1.3355405316090 
    34.0000000000000 	      0.0000000000000 
     0.0000000000000 	     35.0000000000000 
     1.3748508327824 	     34.9922903624072 
     2.7521336278939 	     34.9691733373313 
     4.1343189655976 	     34.9306845695493 
     5.5239556585157 	     34.8768834059514 
     6.9237124046527 	     34.8078528040323 
     8.3364226155620 	     34.7236992039768 
     9.7651337062046 	     34.6245523645365 
    11.2131623495721 	     34.5105651629515 
    12.6841574985206 	     34.3819133592248 
    14.1821733829783 	     34.2387953251129 
    15.7117552360572 	     34.0814317382508 
    17.2780412347562 	     33.9100652418837 
    18.8868851268215 	     33.7249600707280 
    20.5450053506578 	     33.5264016435409 
    22.2601682781785 	     33.3146961230254 
    24.0414157230588 	     33.0901699437495 
    25.8993503577257 	     32.8531693088075 
    27.8464976198885 	     32.6040596560003 
    29.8977697467846 	     32.3432250943569 
    32.0710678118655 	     32.0710678118655 
    32.3432250943569 	     29.8977697467846 
    32.6040596560003 	     27.8464976198885 
    32.8531693088075 	     25.8993503577257 
    33.0901699437495 	     24.0414157230588 
    33.3146961230254 	     22.2601682781785 
    33.5264016435409 	     20.5450053506578 
    33.7249600707280 	     18.8868851268215 
    33.9100652418837 	     17.2780412347562 
    34.0814317382508 	     15.7117552360572 
    34.2387953251129 	     14.1821733829783 
    34.3819133592248 	     12.6841574985206 
    34.5105651629515 	     11.2131623495721 
    34.6245523645365 	      9.7651337062046 
    34.7236992039768 	      8.3364226155620 
    34.8078528040323 	      6.9237124046527 
    34.8768834059514 	      5.5239556585157 
    34.9306845695493 	      4.1343189655976 
    34.9691733373313 	      2.7521336278939 
    34.9922903624072 	      1.3748508327824 
    35.0000000000000 	      0.0000000000000 
     0.0000000000000 	     36.0000000000000 
     1.4141611339558 	     35.9928043382467 
     2.8309970754497 	     35.9712284481759 
     4.2532237000270 	     35.9353055982460 
     5.6836400823631 	     35.8850911788880 
     7.1251728022747 	     35.8206626170968 
     8.5809236381249 	     35.7421192570450 
    10.0542220201314 	     35.6495822069007 
    11.5486838470437 	     35.5431941520881 
    13.0682785889853 	     35.4231191352765 
    14.6174070320234 	     35.2895423034387 
    16.2009926017445 	     35.1426696223674 
    17.8245899840872 	     34.9827275590914 
    19.4945158132803 	     34.8099627326794 
    21.2180076210804 	     34.6246415339715 
    23.0034191860309 	     34.4270497148238 
    24.8604631015394 	     34.2174919474995 
    26.8005151158276 	     33.9962913548870 
    28.8370000634408 	     33.7637890122670 
    30.9858867358596 	     33.5203434213997 
    33.2663299577411 	     33.2663299577411 
    33.5203434213997 	     30.9858867358596 
    33.7637890122670 	     28.8370000634408 
    33.9962913548869 	     26.8005151158276 
    34.2174919474995 	     24.8604631015394 
    34.4270497148238 	     23.0034191860309 
    34.6246415339715 	     21.2180076210804 
    34.8099627326794 	     19.4945158132803 
    34.9827275590914 	     17.8245899840872 
    35.1426696223674 	     16.2009926017445 
    35.2895423034387 	     14.6174070320234 
    35.4231191352765 	     13.0682785889853 
    35.5431941520881 	     11.5486838470437 
    35.6495822069007 	     10.0542220201314 
    35.7421192570450 	      8.5809236381249 
    35.8206626170968 	      7.1251728022747 
    35.8850911788880 	      5.6836400823631 
    35.9353055982460 	      4.2532237000270 
    35.9712284481759 	      2.8309970754497 
    35.9928043382467 	      1.4141611339558 
    36.0000000000000 	      0.0000000000000 
     0.0000000000000 	     37.0000000000000 
     1.4534714351292 	     36.9933183140863 
     2.9098605230055 	     36.9732835590204 
     4.3721284344563 	     36.9399266269427 
     5.8433245062105 	     36.8932989518245 
     7.3266331998968 	     36.8334724301613 
     8.8254246606878 	     36.7605393101132 
    10.3433103340583 	     36.6746120492649 
    11.8842053445152 	     36.5758231412247 
    13.4523996794500 	     36.4643249113282 
    15.0526406810685 	     36.3402892817645 
    16.6902299674317 	     36.2039075064840 
    18.3711387334182 	     36.0553898762992 
    20.1021464997391 	     35.8949653946309 
    21.8910098915030 	     35.7228814244021 
    23.7466700938833 	     35.5394033066221 
    25.6795104800200 	     35.3448139512495 
    27.7016798739295 	     35.1394134009665 
    29.8275025069931 	     34.9235183685336 
    32.0740037249347 	     34.6974617484426 
    34.4615921036167 	     34.4615921036167 
    34.6974617484426 	     32.0740037249347 
    34.9235183685336 	     29.8275025069931 
    35.1394134009665 	     27.7016798739295 
    35.3448139512495 	     25.6795104800200 
    35.5394033066221 	     23.7466700938834 
    35.7228814244021 	     21.8910098915030 
    35.8949653946309 	     20.1021464997391 
    36.0553898762992 	     18.3711387334182 
    36.2039075064840 	     16.6902299674317 
    36.3402892817645 	     15.0526406810685 
    36.4643249113282 	     13.4523996794500 
    36.5758231412247 	     11.8842053445152 
    36.6746120492649 	     10.3433103340583 
    36.7605393101132 	      8.8254246606878 
    36.8334724301613 	      7.3266331998968 
    36.8932989518245 	      5.8433245062105 
    36.9399266269427 	      4.3721284344564 
    36.9732835590204 	      2.9098605230055 
    36.9933183140863 	      1.4534714351292 
    37.0000000000000 	      0.0000000000000 
     0.0000000000000 	     38.0000000000000 
     1.4927817363026 	     37.9938322899258 
     2.9887239705613 	     37.9753386698650 
     4.4910331688857 	     37.9445476556394 
     6.0030089300579 	     37.9015067247611 
     7.5280935975188 	     37.8462822432258 
     9.0699256832507 	     37.7789593631814 
    10.6323986479852 	     37.6996418916292 
    12.2197268419868 	     37.6084521303612 
    13.8365207699148 	     37.5055306873799 
    15.4878743301136 	     37.3910362600903 
    17.1794673331190 	     37.2651453906007 
    18.9176874827492 	     37.1280521935069 
    20.7097771861979 	     36.9799680565824 
    22.5640121619256 	     36.8211213148327 
    24.4899210017358 	     36.6517568984204 
    26.4985578585006 	     36.4721359549996 
    28.6028446320314 	     36.2825354470460 
    30.8180049505455 	     36.0832477248002 
    33.1621207140097 	     35.8745800754855 
    35.6568542494924 	     35.6568542494924 
    35.8745800754855 	     33.1621207140097 
    36.0832477248002 	     30.8180049505455 
    36.2825354470460 	     28.6028446320314 
    36.4721359549996 	     26.4985578585006 
    36.6517568984204 	     24.4899210017358 
    36.8211213148327 	     22.5640121619256 
    36.9799680565824 	     20.7097771861979 
    37.1280521935069 	     18.9176874827492 
    37.2651453906006 	     17.1794673331190 
    37.3910362600903 	     15.4878743301136 
    37.5055306873799 	     13.8365207699148 
    37.6084521303612 	     12.2197268419868 
    37.6996418916292 	     10.6323986479852 
    37.7789593631814 	      9.0699256832507 
    37.8462822432258 	      7.5280935975188 
    37.9015067247611 	      6.0030089300579 
    37.9445476556394 	      4.4910331688857 
    37.9753386698650 	      2.9887239705613 
    37.9938322899258 	      1.4927817363026 
    38.0000000000000 	      0.0000000000000 
     0.0000000000000 	     39.0000000000000 
     1.5320920374760 	     38.9943462657653 
     3.0675874181171 	     38.9773937807096 
     4.6099379033151 	     38.9491686843361 
     6.1626933539053 	     38.9097144976977 
     7.7295539951408 	     38.8590920562904 
     9.3144267058136 	     38.7973794162496 
    10.9214869619121 	     38.7246717339934 
    12.5552483394583 	     38.6410811194978 
    14.2206418603795 	     38.5467364634316 
    15.9231079791587 	     38.4417832384161 
    17.6687046988062 	     38.3263832747173 
    19.4642362320803 	     38.2007145107147 
    21.3174078726568 	     38.0649707185338 
    23.2370144323481 	     37.9193612052633 
    25.2331719095882 	     37.7641104902187 
    27.3176052369812 	     37.5994579587496 
    29.5040093901334 	     37.4256574931255 
    31.8085073940978 	     37.2429770810669 
    34.2502377030848 	     37.0516984025284 
    36.8521163953680 	     36.8521163953680 
    37.0516984025284 	     34.2502377030848 
    37.2429770810669 	     31.8085073940978 
    37.4256574931255 	     29.5040093901334 
    37.5994579587496 	     27.3176052369812 
    37.7641104902187 	     25.2331719095882 
    37.9193612052633 	     23.2370144323481 
    38.0649707185338 	     21.3174078726568 
    38.2007145107147 	     19.4642362320803 
    38.3263832747173 	     17.6687046988062 
    38.4417832384161 	     15.9231079791587 
    38.5467364634316 	     14.2206418603795 
    38.6410811194978 	     12.5552483394583 
    38.7246717339934 	     10.9214869619121 
    38.7973794162496 	      9.3144267058137 
    38.8590920562904 	      7.7295539951408 
    38.9097144976977 	      6.1626933539053 
    38.9491686843361 	      4.6099379033151 
    38.9773937807096 	      3.0675874181171 
    38.9943462657653 	      1.5320920374760 
    39.0000000000000 	      0.0000000000000 
     0.0000000000000 	     40.0000000000000 
     1.5714023386494 	     39.9948602416048 
     3.1464508656729 	     39.9794488915542 
     4.7288426377445 	     39.9537897130328 
     6.3223777777527 	     39.9179222706343 
     7.9310143927628 	     39.8719018693549 
     9.5589277283766 	     39.8157994693178 
    11.2105752758389 	     39.7497015763577 
    12.8907698369299 	     39.6737101086344 
    14.6047629508442 	     39.5879422394832 
    16.3583416282038 	     39.4925302167419 
    18.1579420644935 	     39.3876211588339 
    20.0107849814113 	     39.2733768279224 
    21.9250385591156 	     39.1499733804853 
    23.9100167027707 	     39.0176010956939 
    25.9764228174406 	     38.8764640820170 
    28.1366526154619 	     38.7267799624997 
    30.4051741482353 	     38.5687795392050 
    32.7990098376501 	     38.4027064373335 
    35.3383546921598 	     38.2288167295712 
    38.0473785412436 	     38.0473785412437 
    38.2288167295712 	     35.3383546921598 
    38.4027064373335 	     32.7990098376501 
    38.5687795392050 	     30.4051741482353 
    38.7267799624997 	     28.1366526154619 
    38.8764640820170 	     25.9764228174406 
    39.0176010956939 	     23.9100167027707 
    39.1499733804853 	     21.9250385591156 
    39.2733768279224 	     20.0107849814113 
    39.3876211588339 	     18.1579420644935 
    39.4925302167419 	     16.3583416282038 
    39.5879422394832 	     14.6047629508442 
    39.6737101086344 	     12.8907698369299 
    39.7497015763577 	     11.2105752758389 
    39.8157994693178 	      9.5589277283766 
    39.8719018693549 	      7.9310143927628 
    39.9179222706343 	      6.3223777777528 
    39.9537897130328 	      4.7288426377445 
    39.9794488915542 	      3.1464508656729 
    39.9948602416048 	      1.5714023386494 
    40.0000000000000 	      0.0000000000000 
     0.0000000000000 	     41.0000000000000 
     1.6107126398228 	     40.9953742174443 
     3.2253143132287 	     40.9815040023988 
     4.8477473721739 	     40.9584107417296 
     6.4820622016002 	     40.9261300435708 
     8.1324747903848 	     40.8847116824194 
     9.8034287509395 	     40.8342195223861 
    11.4996635897658 	     40.7747314187219 
    13.2262913344014 	     40.7063390977709 
    14.9888840413089 	     40.6291480155349 
    16.7935752772489 	     40.5432771950677 
    18.6471794301807 	     40.4488590429505 
    20.5573337307423 	     40.3460391451302 
    22.5326692455744 	     40.2349760424368 
    24.5830189731933 	     40.1158409861246 
    26.7196737252931 	     39.9888176738153 
    28.9556999939425 	     39.8541019662497 
    31.3063389063372 	     39.7119015852845 
    33.7895122812024 	     39.5624357936002 
    36.4264716812349 	     39.4059350566141 
    39.2426406871193 	     39.2426406871193 
    39.4059350566141 	     36.4264716812349 
    39.5624357936002 	     33.7895122812024 
    39.7119015852845 	     31.3063389063372 
    39.8541019662497 	     28.9556999939425 
    39.9888176738153 	     26.7196737252931 
    40.1158409861245 	     24.5830189731933 
    40.2349760424368 	     22.5326692455744 
    40.3460391451302 	     20.5573337307423 
    40.4488590429505 	     18.6471794301807 
    40.5432771950677 	     16.7935752772489 
    40.6291480155349 	     14.9888840413089 
    40.7063390977709 	     13.2262913344014 
    40.7747314187219 	     11.4996635897658 
    40.8342195223861 	      9.8034287509395 
    40.8847116824194 	      8.1324747903848 
    40.9261300435708 	      6.4820622016002 
    40.9584107417296 	      4.8477473721739 
    40.9815040023988 	      3.2253143132287 
    40.9953742174443 	      1.6107126398229 
    41.0000000000000 	      0.0000000000000 
     0.0000000000000 	     42.0000000000000 
     1.6500229409963 	     41.9958881932839 
     3.3041777607845 	     41.9835591132433 
     4.9666521066033 	     41.9630317704263 
     6.6417466254476 	     41.9343378165074 
     8.3339351880068 	     41.8975214954839 
    10.0479297735024 	     41.8526395754543 
    11.7887519036927 	     41.7997612610861 
    13.5618128318729 	     41.7389680869075 
    15.3730051317736 	     41.6703537915866 
    17.2288089262940 	     41.5940241733935 
    19.1364167958679 	     41.5100969270671 
    21.1038824800733 	     41.4187014623380 
    23.1402999320332 	     41.3199787043883 
    25.2560212436159 	     41.2140808765552 
    27.4629246331455 	     41.1011712656136 
    29.7747473724231 	     40.9814239699997 
    32.2075036644392 	     40.8550236313640 
    34.7800147247548 	     40.7221651498668 
    37.5145886703099 	     40.5830533836570 
    40.4379028329949 	     40.4379028329949 
    40.5830533836570 	     37.5145886703100 
    40.7221651498668 	     34.7800147247548 
    40.8550236313640 	     32.2075036644392 
    40.9814239699997 	     29.7747473724231 
    41.1011712656136 	     27.4629246331455 
    41.2140808765552 	     25.2560212436159 
    41.3199787043882 	     23.1402999320332 
    41.4187014623380 	     21.1038824800733 
    41.5100969270671 	     19.1364167958680 
    41.5940241733935 	     17.2288089262940 
    41.6703537915866 	     15.3730051317736 
    41.7389680869075 	     13.5618128318730 
    41.7997612610861 	     11.7887519036927 
    41.8526395754543 	     10.0479297735024 
    41.8975214954839 	      8.3339351880068 
    41.9343378165074 	      6.6417466254476 
    41.9630317704263 	      4.9666521066033 
    41.9835591132433 	      3.3041777607845 
    41.9958881932839 	      1.6500229409963 
    42.0000000000000 	      0.0000000000000 
     0.0000000000000 	     43.0000000000000 
     1.6893332421697 	     42.9964021691234 
     3.3830412083403 	     42.9856142240879 
     5.0855568410327 	     42.9676527991230 
     6.8014310492950 	     42.9425455894440 
     8.5353955856288 	     42.9103313085484 
    10.2924307960653 	     42.8710596285225 
    12.0778402176195 	     42.8247911034504 
    13.8973343293445 	     42.7715970760440 
    15.7571262222383 	     42.7115595676383 
    17.6640425753391 	     42.6447711517193 
    19.6256541615552 	     42.5713348111837 
    21.6504312294043 	     42.4913637795457 
    23.7479306184921 	     42.4049813663397 
    25.9290235140385 	     42.3123207669858 
    28.2061755409979 	     42.2135248574119 
    30.5937947509037 	     42.1087459737498 
    33.1086684225411 	     41.9981456774435 
    35.7705171683071 	     41.8818945061335 
    38.6027056593850 	     41.7601717106999 
    41.6331649788706 	     41.6331649788706 
    41.7601717106999 	     38.6027056593850 
    41.8818945061335 	     35.7705171683071 
    41.9981456774435 	     33.1086684225411 
    42.1087459737498 	     30.5937947509037 
    42.2135248574119 	     28.2061755409979 
    42.3123207669858 	     25.9290235140385 
    42.4049813663397 	     23.7479306184921 
    42.4913637795457 	     21.6504312294043 
    42.5713348111837 	     19.6256541615552 
    42.6447711517193 	     17.6640425753391 
    42.7115595676383 	     15.7571262222383 
    42.7715970760440 	     13.8973343293445 
    42.8247911034504 	     12.0778402176196 
    42.8710596285225 	     10.2924307960653 
    42.9103313085484 	      8.5353955856288 
    42.9425455894440 	      6.8014310492950 
    42.9676527991230 	      5.0855568410327 
    42.9856142240879 	      3.3830412083403 
    42.9964021691234 	      1.6893332421697 
    43.0000000000000 	      0.0000000000000 
     0.0000000000000 	     44.0000000000000 
     1.7286435433431 	     43.9969161449629 
     3.4619046558961 	     43.9876693349325 
     5.2044615754621 	     43.9722738278197 
     6.9611154731424 	     43.9507533623806 
     8.7368559832508 	     43.9231411216129 
    10.5369318186283 	     43.8894796815907 
    12.3669285315464 	     43.8498209458146 
    14.2328558268160 	     43.8042260651806 
    16.1412473127031 	     43.7527653436899 
    18.0992762243842 	     43.6955181300451 
    20.1148915272424 	     43.6325726953003 
    22.1969799787353 	     43.5640260967535 
    24.3555613049509 	     43.4899840282912 
    26.6020257844611 	     43.4105606574164 
    28.9494264488504 	     43.3258784492102 
    31.4128421293843 	     43.2360679774998 
    34.0098331806430 	     43.1412677235230 
    36.7610196118594 	     43.0416238624001 
    39.6908226484600 	     42.9372900377427 
    42.8284271247462 	     42.8284271247462 
    42.9372900377427 	     39.6908226484601 
    43.0416238624001 	     36.7610196118594 
    43.1412677235230 	     34.0098331806430 
    43.2360679774998 	     31.4128421293843 
    43.3258784492102 	     28.9494264488504 
    43.4105606574164 	     26.6020257844611 
    43.4899840282912 	     24.3555613049509 
    43.5640260967535 	     22.1969799787353 
    43.6325726953003 	     20.1148915272424 
    43.6955181300451 	     18.0992762243842 
    43.7527653436899 	     16.1412473127031 
    43.8042260651806 	     14.2328558268160 
    43.8498209458146 	     12.3669285315464 
    43.8894796815907 	     10.5369318186283 
    43.9231411216129 	      8.7368559832508 
    43.9507533623806 	      6.9611154731424 
    43.9722738278197 	      5.2044615754621 
    43.9876693349325 	      3.4619046558961 
    43.9969161449629 	      1.7286435433431 
    44.0000000000000 	      0.0000000000000 
     0.0000000000000 	     45.0000000000000 
     1.7679538445165 	     44.9974301208024 
     3.5407681034519 	     44.9897244457771 
     5.3233663098915 	     44.9768948565164 
     7.1207998969898 	     44.9589611353171 
     8.9383163808728 	     44.9359509346774 
    10.7814328411912 	     44.9078997346589 
    12.6560168454733 	     44.8748507881788 
    14.5683773242876 	     44.8368550543172 
    16.5253684031678 	     44.7939711197416 
    18.5345098734293 	     44.7462651083710 
    20.6041288929297 	     44.6938105794169 
    22.7435287280664 	     44.6366884139612 
    24.9631919914097 	     44.5749866902427 
    27.2750280548837 	     44.5088005478470 
    29.6926773567028 	     44.4382320410085 
    32.2318895078649 	     44.3633899812498 
    34.9109979387450 	     44.2843897696025 
    37.7515220554117 	     44.2013532186668 
    40.7789396375351 	     44.1144083647856 
    44.0236892706218 	     44.0236892706218 
    44.1144083647856 	     40.7789396375351 
    44.2013532186668 	     37.7515220554117 
    44.2843897696025 	     34.9109979387450 
    44.3633899812498 	     32.2318895078649 
    44.4382320410085 	     29.6926773567028 
    44.5088005478470 	     27.2750280548837 
    44.5749866902427 	     24.9631919914097 
    44.6366884139612 	     22.7435287280664 
    44.6938105794169 	     20.6041288929297 
    44.7462651083710 	     18.5345098734293 
    44.7939711197416 	     16.5253684031678 
    44.8368550543172 	     14.5683773242876 
    44.8748507881788 	     12.6560168454733 
    44.9078997346589 	     10.7814328411912 
    44.9359509346774 	      8.9383163808728 
    44.9589611353171 	      7.1207998969898 
    44.9768948565164 	      5.3233663098915 
    44.9897244457771 	      3.5407681034519 
    44.9974301208024 	      1.7679538445165 
    45.0000000000000 	      0.0000000000000 
     0.0000000000000 	     46.0000000000000 
     1.8072641456899 	     45.9979440966419 
     3.6196315510077 	     45.9917795566217 
     5.4422710443208 	     45.9815158852131 
     7.2804843208372 	     45.9671689082537 
     9.1397767784949 	     45.9487607477420 
    11.0259338637541 	     45.9263197877271 
    12.9451051594002 	     45.8998806305431 
    14.9038988217591 	     45.8694840434537 
    16.9094894936325 	     45.8351768957933 
    18.9697435224744 	     45.7970120866968 
    21.0933662586169 	     45.7550484635336 
    23.2900774773974 	     45.7093507311690 
    25.5708226778685 	     45.6599893521941 
    27.9480303253062 	     45.6070404382776 
    30.4359282645552 	     45.5505856328068 
    33.0509368863456 	     45.4907119849999 
    35.8121626968469 	     45.4275118156820 
    38.7420244989640 	     45.3610825749334 
    41.8670566266102 	     45.2915266918285 
    45.2189514164975 	     45.2189514164975 
    45.2915266918285 	     41.8670566266102 
    45.3610825749334 	     38.7420244989640 
    45.4275118156820 	     35.8121626968469 
    45.4907119849999 	     33.0509368863456 
    45.5505856328068 	     30.4359282645552 
    45.6070404382776 	     27.9480303253063 
    45.6599893521941 	     25.5708226778685 
    45.7093507311690 	     23.2900774773974 
    45.7550484635336 	     21.0933662586169 
    45.7970120866968 	     18.9697435224744 
    45.8351768957933 	     16.9094894936325 
    45.8694840434537 	     14.9038988217591 
    45.8998806305431 	     12.9451051594002 
    45.9263197877271 	     11.0259338637541 
    45.9487607477420 	      9.1397767784949 
    45.9671689082537 	      7.2804843208372 
    45.9815158852131 	      5.4422710443208 
    45.9917795566217 	      3.6196315510077 
    45.9979440966419 	      1.8072641456899 
    46.0000000000000 	      0.0000000000000 
     0.0000000000000 	     47.0000000000000 
     1.8465744468633 	     46.9984580724814 
     3.6984949985635 	     46.9938346674663 
     5.5611757787502 	     46.9861369139099 
     7.4401687446846 	     46.9753766811903 
     9.3412371761169 	     46.9615705608065 
    11.2704348863170 	     46.9447398407954 
    13.2341934733270 	     46.9249104729073 
    15.2394203192307 	     46.9021130325903 
    17.2936105840972 	     46.8763826718450 
    19.4049771715195 	     46.8477590650226 
    21.5826036243042 	     46.8162863476502 
    23.8366262267284 	     46.7820130483767 
    26.1784533643274 	     46.7449920141456 
    28.6210325957288 	     46.7052803287082 
    31.1791791724077 	     46.6629392246051 
    33.8699842648262 	     46.6180339887499 
    36.7133274549488 	     46.5706338617615 
    39.7325269425164 	     46.5208119312001 
    42.9551736156852 	     46.4686450188714 
    46.4142135623731 	     46.4142135623731 
    46.4686450188714 	     42.9551736156852 
    46.5208119312001 	     39.7325269425164 
    46.5706338617615 	     36.7133274549488 
    46.6180339887499 	     33.8699842648262 
    46.6629392246051 	     31.1791791724077 
    46.7052803287082 	     28.6210325957288 
    46.7449920141456 	     26.1784533643274 
    46.7820130483767 	     23.8366262267284 
    46.8162863476502 	     21.5826036243042 
    46.8477590650226 	     19.4049771715195 
    46.8763826718450 	     17.2936105840972 
    46.9021130325903 	     15.2394203192307 
    46.9249104729073 	     13.2341934733270 
    46.9447398407954 	     11.2704348863170 
    46.9615705608065 	      9.3412371761169 
    46.9753766811903 	      7.4401687446846 
    46.9861369139099 	      5.5611757787502 
    46.9938346674663 	      3.6984949985635 
    46.9984580724814 	      1.8465744468633 
    47.0000000000000 	      0.0000000000000 
     0.0000000000000 	     48.0000000000000 
     1.8858847480367 	     47.9989720483210 
     3.7773584461193 	     47.9958897783108 
     5.6800805131796 	     47.9907579426066 
     7.5998531685320 	     47.9835844541268 
     9.5426975737389 	     47.9743803738710 
    11.5149359088800 	     47.9631598938636 
    13.5232817872539 	     47.9499403152715 
    15.5749418167022 	     47.9347420217269 
    17.6777316745619 	     47.9175884478966 
    19.8402108205646 	     47.8985060433484 
    22.0718409899914 	     47.8775242317668 
    24.3831749760594 	     47.8546753655845 
    26.7860840507862 	     47.8299946760971 
    29.2940348661514 	     47.8035202191388 
    31.9224300802601 	     47.7752928164034 
    34.6890316433068 	     47.7453559924999 
    37.6144922130508 	     47.7137559078410 
    40.7230293860687 	     47.6805412874667 
    44.0432906047603 	     47.6457633459142 
    47.6094757082487 	     47.6094757082487 
    47.6457633459142 	     44.0432906047603 
    47.6805412874667 	     40.7230293860687 
    47.7137559078410 	     37.6144922130508 
    47.7453559924999 	     34.6890316433068 
    47.7752928164034 	     31.9224300802601 
    47.8035202191388 	     29.2940348661514 
    47.8299946760971 	     26.7860840507862 
    47.8546753655845 	     24.3831749760594 
    47.8775242317668 	     22.0718409899914 
    47.8985060433484 	     19.8402108205646 
    47.9175884478966 	     17.6777316745619 
    47.9347420217269 	     15.5749418167022 
    47.9499403152715 	     13.5232817872539 
    47.9631598938636 	     11.5149359088800 
    47.9743803738710 	      9.5426975737389 
    47.9835844541268 	      7.5998531685320 
    47.9907579426066 	      5.6800805131796 
    47.9958897783108 	      3.7773584461193 
    47.9989720483210 	      1.8858847480367 
    48.0000000000000 	      0.0000000000000 
     0.0000000000000 	     49.0000000000000 
     1.9251950492101 	     48.9994860241605 
     3.8562218936751 	     48.9979448891554 
     5.7989852476090 	     48.9953789713033 
     7.7595375923794 	     48.9917922270634 
     9.7441579713609 	     48.9871901869355 
    11.7594369314429 	     48.9815799469318 
    13.8123701011808 	     48.9749701576358 
    15.9104633141738 	     48.9673710108634 
    18.0618527650266 	     48.9587942239483 
    20.2754444696097 	     48.9492530216742 
    22.5610783556787 	     48.9387621158834 
    24.9297237253904 	     48.9273376827922 
    27.3937147372450 	     48.9149973380485 
    29.9670371365740 	     48.9017601095694 
    32.6656809881125 	     48.8876464082017 
    35.5080790217874 	     48.8726779962500 
    38.5156569711527 	     48.8568779539205 
    41.7135318296210 	     48.8402706437334 
    45.1314075938353 	     48.8228816729571 
    48.8047378541244 	     48.8047378541244 
    48.8228816729571 	     45.1314075938353 
    48.8402706437334 	     41.7135318296210 
    48.8568779539205 	     38.5156569711527 
    48.8726779962500 	     35.5080790217874 
    48.8876464082017 	     32.6656809881125 
    48.9017601095694 	     29.9670371365740 
    48.9149973380485 	     27.3937147372450 
    48.9273376827922 	     24.9297237253904 
    48.9387621158834 	     22.5610783556787 
    48.9492530216742 	     20.2754444696097 
    48.9587942239483 	     18.0618527650266 
    48.9673710108634 	     15.9104633141738 
    48.9749701576358 	     13.8123701011808 
    48.9815799469318 	     11.7594369314429 
    48.9871901869355 	      9.7441579713609 
    48.9917922270634 	      7.7595375923794 
    48.9953789713033 	      5.7989852476090 
    48.9979448891554 	      3.8562218936751 
    48.9994860241605 	      1.9251950492101 
    49.0000000000000 	      0.0000000000000 
     0.0000000000000 	     50.0000000000000 
     1.9645053503835 	     50.0000000000000 
     3.9350853412309 	     50.0000000000000 
     5.9178899820384 	     50.0000000000000 
     7.9192220162268 	     50.0000000000000 
     9.9456183689829 	     50.0000000000000 
    12.0039379540058 	     50.0000000000000 
    14.1014584151077 	     50.0000000000000 
    16.2459848116453 	     50.0000000000000 
    18.4459738554914 	     50.0000000000000 
    20.7106781186548 	     50.0000000000000 
    23.0503157213659 	     50.0000000000000 
    25.4762724747214 	     50.0000000000000 
    28.0013454237038 	     50.0000000000000 
    30.6400394069966 	     50.0000000000000 
    33.4089318959649 	     50.0000000000000 
    36.3271264002680 	     50.0000000000000 
    39.4168217292546 	     50.0000000000000 
    42.7040342731733 	     50.0000000000000 
    46.2195245829104 	     50.0000000000000 
    50.0000000000000 	     50.0000000000000 
    50.0000000000000 	     46.2195245829104 
    50.0000000000000 	     42.7040342731733 
    50.0000000000000 	     39.4168217292546 
    50.0000000000000 	     36.3271264002680 
    50.0000000000000 	     33.4089318959649 
    50.0000000000000 	     30.6400394069966 
    50.0000000000000 	     28.0013454237038 
    50.0000000000000 	     25.4762724747214 
    50.0000000000000 	     23.0503157213659 
    50.0000000000000 	     20.7106781186548 
    50.0000000000000 	     18.4459738554914 
    50.0000000000000 	     16.2459848116453 
    50.0000000000000 	     14.1014584151077 
    50.0000000000000 	     12.0039379540058 
    50.0000000000000 	      9.9456183689829 
    50.0000000000000 	      7.9192220162268 
    50.0000000000000 	      5.9178899820384 
    50.0000000000000 	      3.9350853412309 
    50.0000000000000 	      1.9645053503835 
    50.0000000000000 	      0.0000000000000